0.0999322	6.31802e-06
0.1	6.29917e-06
0.120007	4.00493e-06
#0.139991	2.30224e-06
0.138699	2.20224e-06
#0.150003	1.20028e-06
#0.199942	9.00122e-08
#0.249923	3.00127e-08
#0.270025	2.6979e-08
0.138699	8.90399e-08
0.139802	8.3088e-08
0.141566	7.62079e-08
0.143771	6.86958e-08
0.144432	6.63601e-08
0.144873	6.52192e-08
0.145755	6.08652e-08
0.146637	5.58201e-08
0.1473	5.20888e-08
0.147741	4.86069e-08
0.148402	4.38155e-08
0.149946	3.2655e-08
0.152812	1.97757e-08
0.154136	1.52573e-08
0.154577	1.44865e-08
0.155018	1.37534e-08
0.155458	1.35181e-08
0.155899	1.32857e-08
0.15612	1.35181e-08
0.156781	1.39939e-08
0.157443	1.44865e-08
0.157663	1.47386e-08
0.158325	1.47386e-08
0.158545	1.44865e-08
0.160309	1.23976e-08
0.160529	1.21856e-08
0.16097	1.19761e-08
0.161411	1.21856e-08
0.162515	1.26145e-08
0.163617	1.26145e-08
0.165822	1.23976e-08
0.167806	1.19761e-08
0.168247	1.19761e-08
0.168468	1.21856e-08
0.169129	1.23976e-08
0.169792	1.30585e-08
0.170674	1.44865e-08
0.171335	1.52573e-08
0.172658	1.84555e-08
0.173319	1.97757e-08
0.17354	2.01217e-08
0.174642	2.27105e-08
0.175083	2.39211e-08
0.175744	2.43373e-08
0.175744	2.4763e-08
0.176185	2.4763e-08
0.177509	2.43373e-08
0.17795	2.43373e-08
0.178391	2.4763e-08
0.179493	2.56346e-08
0.179934	2.60807e-08
0.180375	2.60807e-08
0.180596	2.56346e-08
0.181037	2.51939e-08
0.181478	2.39211e-08
0.182801	2.11924e-08
0.184345	1.66363e-08
0.184786	1.57943e-08
0.185007	1.55242e-08
0.185448	1.52573e-08
0.185668	1.55242e-08
0.18633	1.57943e-08
0.18677	1.63503e-08
0.187211	1.63503e-08
0.187432	1.60706e-08
0.187652	1.60706e-08
0.187873	1.55242e-08
0.188314	1.44865e-08
0.188975	1.30585e-08
0.189637	1.13711e-08
0.191841	7.63929e-09
0.193606	5.59608e-09
0.194268	5.22201e-09
0.194488	5.04445e-09
0.194929	4.78916e-09
0.196472	4.24324e-09
0.197795	3.63173e-09
0.198236	3.56929e-09
0.198677	3.50824e-09
0.198677	3.56929e-09
0.198899	3.69492e-09
0.19934	3.82497e-09
0.200222	4.24324e-09
0.200442	4.31707e-09
0.200883	4.5472e-09
0.201545	5.22201e-09
0.202426	5.89385e-09
0.20419	7.50865e-09
0.204631	8.04578e-09
0.204852	8.47467e-09
0.205072	9.23977e-09
0.205513	1.09844e-08
0.205954	1.26145e-08
0.206174	1.35181e-08
0.206395	1.42374e-08
0.206615	1.47386e-08
0.207056	1.49964e-08
0.207278	1.52573e-08
0.207498	1.52573e-08
0.20838	1.47386e-08
0.208821	1.47386e-08
0.209923	1.44865e-08
0.210805	1.42374e-08
0.21301	1.32857e-08
0.213231	1.35181e-08
0.214112	1.39939e-08
0.214553	1.44865e-08
0.214994	1.44865e-08
0.215216	1.42374e-08
0.215657	1.39939e-08
0.21698	1.26145e-08
0.218303	1.11756e-08
0.218964	1.04285e-08
0.219185	1.02502e-08
0.220067	9.90165e-09
0.220508	9.73231e-09
0.220949	9.40141e-09
0.221169	9.08175e-09
0.222271	7.37955e-09
0.222713	7.00672e-09
0.222934	6.76849e-09
0.223154	6.65212e-09
0.223595	6.53836e-09
0.224036	6.53836e-09
0.224918	6.65212e-09
0.225139	6.76849e-09
0.2258	7.12864e-09
0.22602	7.37955e-09
0.226461	7.50865e-09
0.226682	7.50865e-09
0.226902	7.37955e-09
0.226902	7.25334e-09
0.227123	7.00672e-09
0.227343	6.65212e-09
0.227564	6.20746e-09
0.228446	4.5472e-09
0.228666	4.09897e-09
0.229768	2.80168e-09
0.22999	2.48232e-09
0.230431	2.31638e-09
0.230651	2.19936e-09
0.230872	2.08805e-09
0.231313	1.98256e-09
0.231754	1.91515e-09
0.231974	1.88222e-09
0.232415	1.88222e-09
0.232636	1.94847e-09
0.233076	2.01705e-09
0.233297	2.08805e-09
0.233517	2.27656e-09
0.233958	2.48232e-09
0.234399	2.80168e-09
0.234399	2.95103e-09
0.23462	3.21745e-09
0.23484	3.56929e-09
0.235502	5.13222e-09
0.235722	5.79251e-09
0.235943	6.31605e-09
0.236163	6.76849e-09
0.236384	7.37955e-09
0.236825	8.18653e-09
0.237267	8.92561e-09
0.237487	9.40141e-09
0.237708	9.73231e-09
0.238149	1.00749e-08
0.238369	1.02502e-08
0.23859	1.02502e-08
0.23881	1.00749e-08
0.239913	9.40141e-09
0.241235	8.04578e-09
0.241456	7.90818e-09
0.241676	7.77221e-09
0.242117	7.90818e-09
0.242338	8.04578e-09
0.242999	8.47467e-09
0.24344	9.08175e-09
0.243661	9.23977e-09
0.243881	9.73231e-09
0.244764	1.06109e-08
0.244983	1.09844e-08
0.245205	1.11756e-08
0.245646	1.11756e-08
0.246969	1.00749e-08
0.248071	9.40141e-09
0.248512	9.08175e-09
0.248732	8.77296e-09
0.250496	6.10129e-09
0.250937	6.10129e-09
0.251158	6.20746e-09
0.251378	6.53836e-09
0.252041	7.50865e-09
0.25226	7.77221e-09
0.252923	8.47467e-09
0.253584	9.40141e-09
0.254025	9.73231e-09
0.254025	9.90165e-09
0.254687	1.02502e-08
0.255128	1.04285e-08
0.255789	1.06109e-08
0.256671	1.06109e-08
0.257112	1.04285e-08
0.257332	1.00749e-08
0.257553	9.90165e-09
0.257773	9.40141e-09
0.258214	8.77296e-09
0.258435	8.18653e-09
0.258876	7.50865e-09
0.259096	7.00672e-09
0.26064	2.70642e-09
0.26064	2.70642e-09
0.259096	7.00672e-09
0.258876	7.50865e-09
0.258435	8.18653e-09
0.258214	8.77296e-09
0.257773	9.40141e-09
0.257553	9.90165e-09
0.257332	1.00749e-08
0.257112	1.04285e-08
0.256671	1.06109e-08
0.255789	1.06109e-08
0.255128	1.04285e-08
0.254687	1.02502e-08
0.254025	9.90165e-09
#0.150003	1.20028e-06
#0.199942	9.00122e-08
#0.249923	3.00127e-08
0.254025	9.90165e-09
0.254687	1.02502e-08
0.255128	1.04285e-08
0.255789	1.06109e-08
0.256671	1.06109e-08
0.257112	1.04285e-08
0.257332	1.00749e-08
0.257553	9.90165e-09
0.257773	9.40141e-09
0.258214	8.77296e-09
0.258435	8.18653e-09
0.258876	7.50865e-09
0.259096	7.00672e-09
0.26064	2.70642e-09
0.261302	1.98256e-09
0.261743	1.7564e-09
0.261963	1.61097e-09
0.262184	1.47757e-09
0.262404	1.40279e-09
0.262625	1.33192e-09
0.262845	1.28663e-09
0.263286	1.24289e-09
0.263507	1.22152e-09
0.263948	1.22152e-09
0.264168	1.24289e-09
0.264388	1.28663e-09
0.264609	1.33192e-09
0.26505	1.42733e-09
0.26527	1.52958e-09
0.265711	1.69669e-09
0.265711	1.7564e-09
0.265932	1.88222e-09
0.266152	2.05234e-09
0.266373	2.31638e-09
0.266814	3.10805e-09
0.267256	3.75955e-09
0.267475	4.02887e-09
0.267917	5.49987e-09
0.268358	6.76849e-09
#0.270025	2.6979e-08
0.270025	5.00559e-09
0.299919	2.99939e-09
0.350107	2.29772e-09
0.359917	2.6019e-09
0.359917	7.9959e-08
0.370001	7.90222e-08
0.380103	8.30982e-08
0.385127	9.00122e-08
0.389945	9.9906e-07
0.590207	4.00209e-07
0.700012	3.10272e-07
0.82795	2.20087e-07
1.09978	1.00134e-07
1.60029	6.00009e-08
1.69944	6.99871e-08
1.79969	9.00122e-08
1.81971	9.9906e-07
0.935343  4.60051e-05 
0.949453  4.46522e-05 
0.963776  4.33383e-05 
0.978315  4.20626e-05 
0.993073  4.08239e-05 
1.00805  3.96214e-05 
1.02326  3.84541e-05 
1.0387  3.73212e-05 
1.05437  3.62218e-05 
1.07027  3.51551e-05 
1.08642  3.41202e-05 
1.1028  3.31163e-05 
1.11944  3.21426e-05 
1.13633  3.11983e-05 
1.15347  3.02826e-05 
1.17087  2.93948e-05 
1.18853  2.8534e-05 
1.20646  2.76994e-05 
1.22466  2.68903e-05 
1.24314  2.61059e-05 
1.26189  2.53454e-05 
1.28092  2.46081e-05 
1.30025  2.38932e-05 
1.31986  2.32001e-05 
1.33977  2.25279e-05 
1.35998  2.1876e-05 
1.3805  2.12437e-05 
1.40132  2.06303e-05 
1.42246  2.00353e-05 
1.44392  1.94578e-05 
1.4657  1.88975e-05 
1.48781  1.83535e-05 
1.51026  1.78255e-05 
1.53304  1.73128e-05 
1.55617  1.68149e-05 
1.57964  1.63314e-05 
1.60347  1.58617e-05 
1.62766  1.54053e-05 
1.65221  1.49619e-05 
1.67713  1.4531e-05 
1.70243  1.41121e-05 
1.72811  1.37048e-05 
1.75418  1.33088e-05 
1.78064  1.29237e-05 
1.8075  1.2549e-05 
1.83476 1.21843e-05 
1.86244 1.18294e-05 
1.89053 1.14838e-05 
1.91904 1.1147e-05 
1.94798 1.08188e-05 
1.97736 1.04987e-05 
2.00717 1.01863e-05  
2.03744 9.88108e-06  
2.06815 9.58269e-06  
2.09933 9.29063e-06  
2.13096 9.00443e-06  
#
#
#
#
#
#1.81971	3.29626e-05
#1.90063	2.9982e-05
#2.00033	2.95423e-05
#2.09943	3.15284e-05
#2.20041	3.4972e-05
#2.24957	5.00361e-05
#2.26518	5.80209e-05
#2.26988	5.99395e-05
#2.26829	6.99155e-05
#2.26518	6.99155e-05
#2.24957	8.99201e-05
#2.20041	0.000160167
#2.09943	0.000300008
#2.00033	0.000550449
#1.90063	0.00100102
#1.79969	0.0017988
#1.69944	0.00300221
#1.29987	0.0259842
#0.999774	0.0900969
#0.799836	1
