0.01	1e-05	1
0.0101158	1e-05	1
0.0102329	1e-05	1
0.0103514	1e-05	1
0.0104713	1e-05	1
0.0105925	1e-05	1
0.0107152	1e-05	1
0.0108393	1e-05	1
0.0109648	1e-05	1
0.0110917	1e-05	1
0.0112202	1e-05	1
0.0113501	1e-05	1
0.0114815	1e-05	1
0.0116145	1e-05	1
0.011749	1e-05	1
0.011885	1e-05	1
0.0120226	1e-05	1
0.0121619	1e-05	1
0.0123027	1e-05	1
0.0124451	1e-05	1
0.0125893	1e-05	1
0.012735	1e-05	1
0.0128825	1e-05	1
0.0130317	1e-05	1
0.0131826	1e-05	1
0.0133352	1e-05	1
0.0134896	1e-05	1
0.0136458	1e-05	1
0.0138038	1e-05	1
0.0139637	1e-05	1
0.0141254	1e-05	1
0.0142889	1e-05	1
0.0144544	1e-05	1
0.0146218	1e-05	1
0.0147911	1e-05	1
0.0149624	1e-05	1
0.0151356	1e-05	1
0.0153109	1e-05	1
0.0154882	1e-05	1
0.0156675	1e-05	1
0.0158489	1e-05	1
0.0160325	1e-05	1
0.0162181	1e-05	1
0.0164059	1e-05	1
0.0165959	1e-05	1
0.016788	1e-05	1
0.0169824	1e-05	1
0.0171791	1e-05	1
0.017378	1e-05	1
0.0175792	1e-05	1
0.0177828	1e-05	1
0.0179887	1e-05	1
0.018197	1e-05	1
0.0184077	1e-05	1
0.0186209	1e-05	1
0.0188365	1e-05	1
0.0190546	1e-05	1
0.0192752	1e-05	1
0.0194984	1e-05	1
0.0197242	1e-05	1
0.0199526	1e-05	1
0.0201837	1e-05	1
0.0204174	1e-05	1
0.0206538	1e-05	1
0.020893	1e-05	1
0.0211349	1e-05	1
0.0213796	1e-05	1
0.0216272	1e-05	1
0.0218776	1e-05	1
0.0221309	1e-05	1
0.0223872	1e-05	1
0.0226464	1e-05	1
0.0229087	1e-05	1
0.0231739	1e-05	1
0.0234423	1e-05	1
0.0237137	1e-05	1
0.0239883	1e-05	1
0.0242661	1e-05	1
0.0245471	1e-05	1
0.0248313	1e-05	1
0.0251189	1e-05	1
0.0254097	1e-05	1
0.025704	1e-05	1
0.0260016	1e-05	1
0.0263027	1e-05	1
0.0266073	1e-05	1
0.0269153	1e-05	1
0.027227	1e-05	1
0.0275423	1e-05	1
0.0278612	1e-05	1
0.0281838	1e-05	1
0.0285102	1e-05	1
0.0288403	1e-05	1
0.0291743	1e-05	1
0.0295121	1e-05	1
0.0298538	1e-05	1
0.0301995	1e-05	1
0.0305492	1e-05	1
0.030903	1e-05	1
0.0312608	1e-05	1
0.0316228	1e-05	1
0.031989	1e-05	1
0.0323594	1e-05	1
0.0327341	1e-05	1
0.0331131	1e-05	1
0.0334965	1e-05	1
0.0338844	1e-05	1
0.0342768	1e-05	1
0.0346737	1e-05	1
0.0350752	1e-05	1
0.0354813	1e-05	1
0.0358922	1e-05	1
0.0363078	1e-05	1
0.0367282	1e-05	1
0.0371535	1e-05	1
0.0375837	1e-05	1
0.0380189	1e-05	1
0.0384592	1e-05	1
0.0389045	1e-05	1
0.039355	1e-05	1
0.0398107	1e-05	1
0.0402717	1e-05	1
0.040738	1e-05	1
0.0412098	1e-05	1
0.0416869	1e-05	1
0.0421697	1e-05	1
0.042658	1e-05	1
0.0431519	1e-05	1
0.0436516	1e-05	1
0.044157	1e-05	1
0.0446684	1e-05	1
0.0451856	1e-05	1
0.0457088	1e-05	1
0.0462381	1e-05	1
0.0467735	1e-05	1
0.0473151	1e-05	1
0.047863	1e-05	1
0.0484172	1e-05	1
0.0489779	1e-05	1
0.049545	1e-05	1
0.0501187	1e-05	1
0.0506991	1e-05	1
0.0512861	1e-05	1
0.05188	1e-05	1
0.0524807	1e-05	1
0.0530884	1e-05	1
0.0537032	1e-05	1
0.054325	1e-05	1
0.0549541	1e-05	1
0.0555904	1e-05	1
0.0562341	1e-05	1
0.0568853	1e-05	1
0.057544	1e-05	1
0.0582103	1e-05	1
0.0588844	1e-05	1
0.0595662	1e-05	1
0.060256	1e-05	1
0.0609537	1e-05	1
0.0616595	1e-05	1
0.0623735	1e-05	1
0.0630957	1e-05	1
0.0638263	1e-05	1
0.0645654	1e-05	1
0.0653131	1e-05	1
0.0660693	1e-05	1
0.0668344	1e-05	1
0.0676083	1e-05	1
0.0683912	1e-05	1
0.0691831	1e-05	1
0.0699842	1e-05	1
0.0707946	1e-05	1
0.0716143	1e-05	1
0.0724436	1e-05	1
0.0732825	1e-05	1
0.074131	1e-05	1
0.0749894	1e-05	1
0.0758578	1e-05	1
0.0767361	1e-05	1
0.0776247	1e-05	1
0.0785236	1e-05	1
0.0794328	1e-05	1
0.0803526	1e-05	1
0.0812831	1e-05	1
0.0822243	1e-05	1
0.0831764	1e-05	1
0.0841395	1e-05	1
0.0851138	1e-05	1
0.0860994	1e-05	1
0.0870964	1e-05	1
0.0881049	1e-05	1
0.0891251	1e-05	1
0.0901571	1e-05	1
0.0912011	1e-05	1
0.0922571	1e-05	1
0.0933254	1e-05	1
0.0944061	1e-05	1
0.0954993	1e-05	1
0.0966051	1e-05	1
0.0977237	1e-05	1
0.0988553	1e-05	1
0.1	1e-05	1
0.101158	1e-05	1
0.102329	1e-05	1
0.103514	1e-05	1
0.104713	1e-05	1
0.105925	1e-05	1
0.107152	1e-05	1
0.108393	1e-05	1
0.109648	1e-05	1
0.110917	1e-05	1
0.112202	1e-05	1
0.113501	1e-05	1
0.114815	1e-05	1
0.116145	1e-05	1
0.11749	1e-05	1
0.11885	1e-05	1
0.120226	1e-05	1
0.121619	1e-05	1
0.123027	1e-05	1
0.124451	1e-05	1
0.125893	1e-05	1
0.12735	1e-05	1
0.128825	1e-05	1
0.130317	1e-05	1
0.131826	1e-05	1
0.133352	1e-05	1
0.134896	1e-05	1
0.136458	1e-05	1
0.138038	1e-05	1
0.139637	1e-05	1
0.141254	8.31764e-11	2.4872
0.142889	4.16869e-11	2.59503
0.144544	2.75423e-11	2.63689
0.146218	1.99526e-11	2.55124
0.147911	1.58489e-11	2.61294
0.149624	1.25893e-11	2.46768
0.151356	1.09648e-11	2.64976
0.153109	9.12011e-12	2.49103
0.154882	7.94328e-12	2.48968
0.156675	7.24436e-12	2.66108
0.158489	6.30957e-12	2.54268
0.160325	5.7544e-12	2.62032
0.162181	5.24807e-12	2.66323
0.164059	4.7863e-12	2.67507
0.165959	4.36516e-12	2.66063
0.16788	3.98107e-12	2.62201
0.169824	3.63078e-12	2.56385
0.171791	3.31131e-12	2.48965
0.17378	3.16228e-12	2.63455
0.175792	2.88403e-12	2.52846
0.177828	2.75423e-12	2.64752
0.179887	2.51189e-12	2.51675
0.18197	2.39883e-12	2.61236
0.184077	2.18776e-12	2.46273
0.186209	2.0893e-12	2.53758
0.188365	1.99526e-12	2.60623
0.190546	1.90546e-12	2.66871
0.192752	1.7378e-12	2.48524
0.194984	1.65959e-12	2.53106
0.197242	1.58489e-12	2.57069
0.199526	1.51356e-12	2.60569
0.201837	1.44544e-12	2.63542
0.204174	1.38038e-12	2.65938
0.206538	1.25893e-12	2.44342
0.20893	1.20226e-12	2.45701
0.211349	1.14815e-12	2.46582
0.213796	1.09648e-12	2.47119
0.216272	1.04713e-12	2.47209
0.218776	1e-12	2.46985
0.221309	9.54993e-13	2.46354
0.223872	9.12011e-13	2.45441
0.226464	8.70964e-13	2.44158
0.229087	8.70964e-13	2.65978
0.231739	8.31764e-13	2.63986
0.234423	7.94328e-13	2.61656
0.237137	7.58578e-13	2.59055
0.239883	7.24436e-13	2.56253
0.242661	6.91831e-13	2.53178
0.245471	6.60693e-13	2.49897
0.248313	6.30957e-13	2.4643
0.251189	6.30957e-13	2.66225
0.254097	6.0256e-13	2.6209
0.25704	5.7544e-13	2.57829
0.260016	5.49541e-13	2.53472
0.263027	5.24807e-13	2.49048
0.266073	5.01187e-13	2.44597
0.269153	5.01187e-13	2.63339
0.27227	4.7863e-13	2.58565
0.275423	4.57088e-13	2.53962
0.278612	4.36516e-13	2.49654
0.281838	4.16869e-13	2.45839
0.285102	4.16869e-13	2.66254
0.288403	3.98107e-13	2.64572
0.291743	3.80189e-13	2.66121
0.295121	3.46737e-13	2.51788
0.298538	3.01995e-13	2.51835
0.301995	3.98107e-13	2.60011
0.305492	3.80189e-13	2.50293
0.30903	3.80189e-13	2.63823
0.312608	3.63078e-13	2.53261
0.316228	3.63078e-13	2.66182
0.31989	3.46737e-13	2.54761
0.323594	3.46737e-13	2.66928
0.327341	3.31131e-13	2.54647
0.331131	3.31131e-13	2.6591
0.334965	3.16228e-13	2.52782
0.338844	3.16228e-13	2.62984
0.342768	3.01995e-13	2.49026
0.346737	3.01995e-13	2.58014
0.350752	3.01995e-13	2.66731
0.354813	2.88403e-13	2.50887
0.358922	2.88403e-13	2.58101
0.363078	2.88403e-13	2.64813
0.367282	2.75423e-13	2.47083
0.371535	2.75423e-13	2.52005
0.375837	2.75423e-13	2.56175
0.380189	2.75423e-13	2.59482
0.384592	2.75423e-13	2.6181
0.389045	2.75423e-13	2.6304
0.39355	2.75423e-13	2.63051
0.398107	2.75423e-13	2.61718
0.402717	2.75423e-13	2.58921
0.40738	2.75423e-13	2.54542
0.412098	2.75423e-13	2.48473
0.416869	2.88403e-13	2.63832
0.421697	2.88403e-13	2.53176
0.42658	3.01995e-13	2.63613
0.431519	3.01995e-13	2.473
0.436516	3.16228e-13	2.50756
0.44157	3.31131e-13	2.49937
0.446684	3.63078e-13	2.67512
0.451856	3.80189e-13	2.54432
0.457088	4.16869e-13	2.56668
0.462381	4.57088e-13	2.4777
0.467735	5.24807e-13	2.46696
0.473151	6.30957e-13	2.45937
0.47863	8.31764e-13	2.53861
0.484172	1.25893e-12	2.57587
0.489779	2.88403e-12	2.50818
0.49545	1e-05	1
0.501187	1e-05	1
0.506991	1e-05	1
0.512861	1e-05	1
0.5188	1e-05	1
0.524807	1e-05	1
0.530884	1e-05	1
0.537032	1e-05	1
0.54325	1e-05	1
0.549541	1e-05	1
0.555904	1e-05	1
0.562341	1e-05	1
0.568853	1e-05	1
0.57544	1e-05	1
0.582103	1e-05	1
0.588844	1e-05	1
0.595662	1e-05	1
0.60256	1e-05	1
0.609537	1e-05	1
0.616595	1e-05	1
0.623735	1e-05	1
0.630957	1e-05	1
