0.01	1.20226e-06	2.63086
0.0101158	1.14815e-06	2.64719
0.0102329	1.09648e-06	2.63538
0.0103514	1.04713e-06	2.63632
0.0104713	1e-06	2.60408
0.0105925	9.54993e-07	2.59836
0.0107152	9.12011e-07	2.60673
0.0108393	8.70964e-07	2.58254
0.0109648	8.31764e-07	2.55519
0.0110917	7.94328e-07	2.58283
0.0112202	7.58578e-07	2.56441
0.0113501	7.24436e-07	2.54752
0.0114815	6.91831e-07	2.53819
0.0116145	6.60693e-07	2.54982
0.011749	6.30957e-07	2.52068
0.011885	6.0256e-07	2.5324
0.0120226	5.7544e-07	2.51175
0.0121619	5.49541e-07	2.48964
0.0123027	5.24807e-07	2.49826
0.0124451	5.01187e-07	2.5054
0.0125893	4.7863e-07	2.49537
0.012735	4.57088e-07	2.47703
0.0128825	4.36516e-07	2.4793
0.0130317	4.16869e-07	2.46074
0.0131826	3.98107e-07	2.4673
0.0133352	3.80189e-07	2.45557
0.0134896	3.63078e-07	2.45212
0.0136458	3.46737e-07	2.4514
0.0138038	3.31131e-07	2.44296
0.0139637	3.31131e-07	2.66893
0.0141254	3.16228e-07	2.66479
0.0142889	3.01995e-07	2.65653
0.0144544	2.88403e-07	2.64566
0.0146218	2.75423e-07	2.64741
0.0147911	2.63027e-07	2.62906
0.0149624	2.51189e-07	2.6334
0.0151356	2.39883e-07	2.62585
0.0153109	2.29087e-07	2.61441
0.0154882	2.18776e-07	2.6126
0.0156675	2.0893e-07	2.60606
0.0158489	1.99526e-07	2.60912
0.0160325	1.90546e-07	2.59956
0.0162181	1.8197e-07	2.59501
0.0164059	1.7378e-07	2.58426
0.0165959	1.65959e-07	2.59169
0.016788	1.58489e-07	2.5754
0.0169824	1.51356e-07	2.57059
0.0171791	1.44544e-07	2.56463
0.017378	1.38038e-07	2.55592
0.0175792	1.31826e-07	2.55896
0.0177828	1.25893e-07	2.55607
0.0179887	1.20226e-07	2.54273
0.018197	1.14815e-07	2.53983
0.0184077	1.09648e-07	2.53994
0.0186209	1.04713e-07	2.53589
0.0188365	1e-07	2.52541
0.0190546	9.54993e-08	2.52172
0.0192752	9.12011e-08	2.51751
0.0194984	8.70964e-08	2.51749
0.0197242	8.31764e-08	2.50932
0.0199526	7.94328e-08	2.50376
0.0201837	7.58578e-08	2.4991
0.0204174	7.24436e-08	2.49787
0.0206538	6.91831e-08	2.49208
0.020893	6.60693e-08	2.4864
0.0211349	6.30957e-08	2.47895
0.0213796	6.0256e-08	2.47483
0.0216272	5.7544e-08	2.47337
0.0218776	5.49541e-08	2.47003
0.0221309	5.24807e-08	2.46533
0.0223872	5.01187e-08	2.45596
0.0226464	4.7863e-08	2.45335
0.0229087	4.57088e-08	2.4489
0.0231739	4.36516e-08	2.44161
0.0234423	4.36516e-08	2.67628
0.0237137	4.16869e-08	2.6694
0.0239883	3.98107e-08	2.66364
0.0242661	3.80189e-08	2.65831
0.0245471	3.63078e-08	2.65154
0.0248313	3.46737e-08	2.65216
0.0251189	3.31131e-08	2.64222
0.0254097	3.16228e-08	2.63813
0.025704	3.01995e-08	2.63359
0.0260016	2.88403e-08	2.62426
0.0263027	2.75423e-08	2.61907
0.0266073	2.63027e-08	2.61462
0.0269153	2.51189e-08	2.60893
0.027227	2.39883e-08	2.60491
0.0275423	2.29087e-08	2.59884
0.0278612	2.18776e-08	2.59426
0.0281838	2.0893e-08	2.58543
0.0285102	1.99526e-08	2.58007
0.0288403	1.90546e-08	2.57428
0.0291743	1.8197e-08	2.56989
0.0295121	1.7378e-08	2.56346
0.0298538	1.65959e-08	2.55476
0.0301995	1.58489e-08	2.54813
0.0305492	1.51356e-08	2.54233
0.030903	1.44544e-08	2.53633
0.0312608	1.38038e-08	2.52748
0.0316228	1.31826e-08	2.52105
0.031989	1.25893e-08	2.51727
0.0323594	1.20226e-08	2.50833
0.0327341	1.14815e-08	2.5022
0.0331131	1.09648e-08	2.49363
0.0334965	1.04713e-08	2.48785
0.0338844	1e-08	2.48089
0.0342768	9.54993e-09	2.47325
0.0346737	9.12011e-09	2.46589
0.0350752	8.70964e-09	2.45631
0.0354813	8.31764e-09	2.44881
0.0358922	7.94328e-09	2.44134
0.0363078	7.94328e-09	2.66889
0.0367282	7.58578e-09	2.6595
0.0371535	7.24436e-09	2.64915
0.0375837	6.91831e-09	2.64128
0.0380189	6.60693e-09	2.63068
0.0384592	6.30957e-09	2.62125
0.0389045	6.0256e-09	2.61221
0.039355	5.7544e-09	2.60104
0.0398107	5.49541e-09	2.59212
0.0402717	5.24807e-09	2.58041
0.040738	5.01187e-09	2.56977
0.0412098	4.7863e-09	2.55918
0.0416869	4.57088e-09	2.54774
0.0421697	4.36516e-09	2.53584
0.042658	4.16869e-09	2.52541
0.0431519	3.98107e-09	2.51306
0.0436516	3.80189e-09	2.50274
0.044157	3.63078e-09	2.48976
0.0446684	3.46737e-09	2.47719
0.0451856	3.31131e-09	2.46513
0.0457088	3.16228e-09	2.45123
0.0462381	3.16228e-09	2.67442
0.0467735	3.01995e-09	2.66003
0.0473151	2.88403e-09	2.64552
0.047863	2.75423e-09	2.62981
0.0484172	2.63027e-09	2.61466
0.0489779	2.51189e-09	2.59919
0.049545	2.39883e-09	2.58305
0.0501187	2.29087e-09	2.56722
0.0506991	2.18776e-09	2.55078
0.0512861	2.0893e-09	2.53359
0.05188	1.99526e-09	2.51699
0.0524807	1.90546e-09	2.49902
0.0530884	1.8197e-09	2.4811
0.0537032	1.7378e-09	2.46361
0.054325	1.65959e-09	2.4448
0.0549541	1.65959e-09	2.66011
0.0555904	1.58489e-09	2.63918
0.0562341	1.51356e-09	2.61814
0.0568853	1.44544e-09	2.59614
0.057544	1.38038e-09	2.57452
0.0582103	1.31826e-09	2.55176
0.0588844	1.25893e-09	2.52875
0.0595662	1.20226e-09	2.50542
0.060256	1.14815e-09	2.48188
0.0609537	1.09648e-09	2.45813
0.0616595	1.09648e-09	2.66817
0.0623735	1.04713e-09	2.64094
0.0630957	1e-09	2.61355
0.0638263	9.54993e-10	2.58504
0.0645654	9.12011e-10	2.55645
0.0653131	8.70964e-10	2.52726
0.0660693	8.31764e-10	2.49793
0.0668344	7.94328e-10	2.46788
0.0676083	7.94328e-10	2.67277
0.0683912	7.58578e-10	2.63862
0.0691831	7.24436e-10	2.60429
0.0699842	6.91831e-10	2.56967
0.0707946	6.60693e-10	2.5341
0.0716143	6.30957e-10	2.49838
0.0724436	6.0256e-10	2.4617
0.0732825	6.0256e-10	2.65898
0.074131	5.7544e-10	2.61816
0.0749894	5.49541e-10	2.57693
0.0758578	5.24807e-10	2.53487
0.0767361	5.01187e-10	2.49298
0.0776247	4.7863e-10	2.45022
0.0785236	4.7863e-10	2.63945
0.0794328	4.57088e-10	2.59186
0.0803526	4.36516e-10	2.54382
0.0812831	4.16869e-10	2.49566
0.0822243	3.98107e-10	2.44734
0.0831764	3.98107e-10	2.63021
0.0841395	3.80189e-10	2.57697
0.0851138	3.63078e-10	2.52379
0.0860994	3.46737e-10	2.47066
0.0870964	3.46737e-10	2.65172
0.0881049	3.31131e-10	2.59492
0.0891251	3.16228e-10	2.53934
0.0901571	3.01995e-10	2.4857
0.0912011	3.01995e-10	2.66934
0.0922571	2.88403e-10	2.61725
0.0933254	2.75423e-10	2.57128
0.0944061	2.63027e-10	2.53453
0.0954993	2.51189e-10	2.51316
0.0966051	2.39883e-10	2.52022
0.0977237	2.29087e-10	2.58893
0.0988553	2.0893e-10	2.60282
#0.1	4.36516e-13	2.62346
0.101158	2.75423e-10	2.67434
0.102329	2.63027e-10	2.54054
0.103514	2.63027e-10	2.63954
0.104713	2.51189e-10	2.49406
0.105925	2.51189e-10	2.5763
0.107152	2.51189e-10	2.65233
0.108393	2.39883e-10	2.48167
0.109648	2.39883e-10	2.53617
0.110917	2.39883e-10	2.58078
0.112202	2.39883e-10	2.61387
0.113501	2.39883e-10	2.63377
0.114815	2.39883e-10	2.63865
0.116145	2.39883e-10	2.62661
0.11749	2.39883e-10	2.59599
0.11885	2.39883e-10	2.54497
0.120226	2.39883e-10	2.47203
0.121619	2.51189e-10	2.60528
0.123027	2.51189e-10	2.47366
0.124451	2.63027e-10	2.53914
0.125893	2.75423e-10	2.56322
0.12735	2.88403e-10	2.5367
0.128825	3.01995e-10	2.45174
0.130317	3.31131e-10	2.52491
0.131826	3.63078e-10	2.51277
0.133352	4.16869e-10	2.63408
0.134896	4.7863e-10	2.64821
0.136458	5.49541e-10	2.59194
0.138038	6.30957e-10	2.64433
0.139637	6.30957e-10	2.52065
0.141254	6.0256e-10	2.50683
0.142889	5.7544e-10	2.49394
0.144544	5.49541e-10	2.48001
0.146218	5.24807e-10	2.46601
0.147911	5.01187e-10	2.45288
0.149624	5.01187e-10	2.67402
0.151356	4.7863e-10	2.65843
0.153109	4.57088e-10	2.64273
0.154882	4.36516e-10	2.62792
0.156675	4.16869e-10	2.61201
0.158489	3.98107e-10	2.596
0.160325	3.80189e-10	2.57987
0.162181	3.63078e-10	2.56362
0.164059	3.46737e-10	2.54723
0.165959	3.31131e-10	2.5316
0.16788	3.16228e-10	2.51493
0.169824	3.01995e-10	2.49812
0.171791	2.88403e-10	2.48115
0.17378	2.75423e-10	2.46403
0.175792	2.63027e-10	2.44675
0.177828	2.63027e-10	2.66367
0.179887	2.51189e-10	2.64434
0.18197	2.39883e-10	2.62482
0.184077	2.29087e-10	2.60429
0.186209	2.18776e-10	2.58438
0.188365	2.0893e-10	2.56425
0.190546	1.99526e-10	2.54391
0.192752	1.90546e-10	2.52334
0.194984	1.8197e-10	2.50255
0.197242	1.7378e-10	2.48083
0.199526	1.65959e-10	2.45959
0.201837	1.65959e-10	2.67333
0.204174	1.58489e-10	2.64882
0.206538	1.51356e-10	2.62475
0.20893	1.44544e-10	2.6004
0.211349	1.38038e-10	2.57516
0.213796	1.31826e-10	2.55029
0.216272	1.25893e-10	2.52456
0.218776	1.20226e-10	2.49917
0.221309	1.14815e-10	2.47296
0.223872	1.09648e-10	2.44705
0.226464	1.09648e-10	2.6539
0.229087	1.04713e-10	2.62443
0.231739	1e-10	2.59524
0.234423	9.54993e-11	2.56532
0.237137	9.12011e-11	2.53522
0.239883	8.70964e-11	2.50539
0.242661	8.31764e-11	2.47498
0.245471	7.94328e-11	2.44447
0.248313	7.94328e-11	2.64681
0.251189	7.58578e-11	2.61333
0.254097	7.24436e-11	2.57996
0.25704	6.91831e-11	2.54679
0.260016	6.60693e-11	2.51397
0.263027	6.30957e-11	2.4817
0.266073	6.0256e-11	2.45021
0.269153	6.0256e-11	2.65332
0.27227	5.7544e-11	2.62182
0.275423	5.49541e-11	2.59289
0.278612	5.24807e-11	2.56775
0.281838	5.01187e-11	2.54837
0.285102	4.7863e-11	2.53809
0.288403	4.57088e-11	2.54415
0.291743	4.36516e-11	2.58258
0.295121	3.98107e-11	2.46696
0.298538	3.46737e-11	2.4921
0.301995	4.57088e-11	2.59973
0.305492	4.36516e-11	2.52949
0.30903	4.16869e-11	2.45864
0.312608	4.16869e-11	2.61757
0.316228	3.98107e-11	2.53864
0.31989	3.80189e-11	2.45915
0.323594	3.80189e-11	2.60861
0.327341	3.63078e-11	2.52027
0.331131	3.63078e-11	2.666
0.334965	3.46737e-11	2.56809
0.338844	3.31131e-11	2.46973
0.342768	3.31131e-11	2.59977
0.346737	3.16228e-11	2.49122
0.350752	3.16228e-11	2.61233
0.354813	3.01995e-11	2.49299
0.358922	3.01995e-11	2.60269
0.363078	2.88403e-11	2.47204
0.367282	2.88403e-11	2.56766
0.371535	2.88403e-11	2.65934
0.375837	2.75423e-11	2.50414
0.380189	2.75423e-11	2.57674
0.384592	2.75423e-11	2.64165
0.389045	2.63027e-11	2.45991
0.39355	2.63027e-11	2.50046
0.398107	2.63027e-11	2.52915
0.402717	2.63027e-11	2.54414
0.40738	2.63027e-11	2.54354
0.412098	2.63027e-11	2.52542
0.416869	2.63027e-11	2.48785
0.421697	2.75423e-11	2.66333
0.42658	2.75423e-11	2.5736
0.431519	2.75423e-11	2.45715
0.436516	2.88403e-11	2.53601
0.44157	3.01995e-11	2.57325
0.446684	3.16228e-11	2.55742
0.451856	3.31131e-11	2.47682
0.457088	3.63078e-11	2.54455
0.462381	3.98107e-11	2.50183
0.467735	4.57088e-11	2.53742
0.473151	5.49541e-11	2.57704
0.47863	6.91831e-11	2.47179
0.484172	1.04713e-10	2.55567
0.489779	2.39883e-10	2.53598
0.49545	1e-05	1
0.501187	1e-05	1
0.506991	1e-05	1
0.512861	1e-05	1
0.5188	1e-05	1
0.524807	1e-05	1
0.530884	1e-05	1
0.537032	1e-05	1
0.54325	1e-05	1
0.549541	1e-05	1
0.555904	1e-05	1
0.562341	1e-05	1
0.568853	1e-05	1
0.57544	1e-05	1
0.582103	1e-05	1
0.588844	1e-05	1
0.595662	1e-05	1
0.60256	1e-05	1
0.609537	1e-05	1
0.616595	1e-05	1
0.623735	1e-05	1
0.630957	1e-05	1
