0.01	1e-05	1
0.0101158	1e-05	1
0.0102329	1e-05	1
0.0103514	1e-05	1
0.0104713	1e-05	1
0.0105925	1e-05	1
0.0107152	1e-05	1
0.0108393	1e-05	1
0.0109648	1e-05	1
0.0110917	1e-05	1
0.0112202	1e-05	1
0.0113501	1e-05	1
0.0114815	1e-05	1
0.0116145	1e-05	1
0.011749	1e-05	1
0.011885	1e-05	1
0.0120226	1e-05	1
0.0121619	1e-05	1
0.0123027	1e-05	1
0.0124451	1e-05	1
0.0125893	1e-05	1
0.012735	1e-05	1
0.0128825	1e-05	1
0.0130317	1e-05	1
0.0131826	1e-05	1
0.0133352	1e-05	1
0.0134896	1e-05	1
0.0136458	1e-05	1
0.0138038	1e-05	1
0.0139637	1e-05	1
0.0141254	1e-05	1
0.0142889	1e-05	1
0.0144544	1e-05	1
0.0146218	1e-05	1
0.0147911	1e-05	1
0.0149624	1e-05	1
0.0151356	1e-05	1
0.0153109	1e-05	1
0.0154882	1e-05	1
0.0156675	1e-05	1
0.0158489	1e-05	1
0.0160325	1e-05	1
0.0162181	1e-05	1
0.0164059	1e-05	1
0.0165959	1e-05	1
0.016788	1e-05	1
0.0169824	1e-05	1
0.0171791	1e-05	1
0.017378	1e-05	1
0.0175792	1e-05	1
0.0177828	1e-05	1
0.0179887	1e-05	1
0.018197	1e-05	1
0.0184077	1e-05	1
0.0186209	1e-05	1
0.0188365	1e-05	1
0.0190546	1e-05	1
0.0192752	1e-05	1
0.0194984	1e-05	1
0.0197242	1e-05	1
0.0199526	1e-05	1
0.0201837	1e-05	1
0.0204174	1e-05	1
0.0206538	1e-05	1
0.020893	1e-05	1
0.0211349	1e-05	1
0.0213796	1e-05	1
0.0216272	1e-05	1
0.0218776	1e-05	1
0.0221309	1e-05	1
0.0223872	1e-05	1
0.0226464	1e-05	1
0.0229087	1e-05	1
0.0231739	1e-05	1
0.0234423	1e-05	1
0.0237137	1e-05	1
0.0239883	1e-05	1
0.0242661	1e-05	1
0.0245471	1e-05	1
0.0248313	1e-05	1
0.0251189	1e-05	1
0.0254097	1e-05	1
0.025704	1e-05	1
0.0260016	1e-05	1
0.0263027	1e-05	1
0.0266073	1e-05	1
0.0269153	1e-05	1
0.027227	1e-05	1
0.0275423	1e-05	1
0.0278612	1e-05	1
0.0281838	1e-05	1
0.0285102	1e-05	1
0.0288403	1e-05	1
0.0291743	1e-05	1
0.0295121	1e-05	1
0.0298538	1e-05	1
0.0301995	1e-05	1
0.0305492	1e-05	1
0.030903	1e-05	1
0.0312608	1e-05	1
0.0316228	1e-05	1
0.031989	1e-05	1
0.0323594	1e-05	1
0.0327341	1e-05	1
0.0331131	1e-05	1
0.0334965	1e-05	1
0.0338844	1e-05	1
0.0342768	1e-05	1
0.0346737	1e-05	1
0.0350752	1e-05	1
0.0354813	1e-05	1
0.0358922	1e-05	1
0.0363078	1e-05	1
0.0367282	1e-05	1
0.0371535	1e-05	1
0.0375837	1e-05	1
0.0380189	1e-05	1
0.0384592	1e-05	1
0.0389045	1e-05	1
0.039355	1e-05	1
0.0398107	1e-05	1
0.0402717	1e-05	1
0.040738	1e-05	1
0.0412098	1e-05	1
0.0416869	1e-05	1
0.0421697	1e-05	1
0.042658	1e-05	1
0.0431519	1e-05	1
0.0436516	1e-05	1
0.044157	1e-05	1
0.0446684	1e-05	1
0.0451856	1e-05	1
0.0457088	1e-05	1
0.0462381	1e-05	1
0.0467735	1e-05	1
0.0473151	1e-05	1
0.047863	1e-05	1
0.0484172	1e-05	1
0.0489779	1e-05	1
0.049545	1e-05	1
0.0501187	1e-05	1
0.0506991	1e-05	1
0.0512861	1e-05	1
0.05188	1e-05	1
0.0524807	1e-05	1
0.0530884	1e-05	1
0.0537032	1e-05	1
0.054325	1e-05	1
0.0549541	1e-05	1
0.0555904	1e-05	1
0.0562341	1e-05	1
0.0568853	1e-05	1
0.057544	1e-05	1
0.0582103	1e-05	1
0.0588844	1e-05	1
0.0595662	1e-05	1
0.060256	1e-05	1
0.0609537	1e-05	1
0.0616595	1e-05	1
0.0623735	1e-05	1
0.0630957	1e-05	1
0.0638263	1e-05	1
0.0645654	1e-05	1
0.0653131	1e-05	1
0.0660693	1e-05	1
0.0668344	1e-05	1
0.0676083	1e-05	1
0.0683912	1e-05	1
0.0691831	1e-05	1
0.0699842	1e-05	1
0.0707946	1e-05	1
0.0716143	1e-05	1
0.0724436	1e-05	1
0.0732825	1e-05	1
0.074131	1e-05	1
0.0749894	1e-05	1
0.0758578	1e-05	1
0.0767361	1e-05	1
0.0776247	1e-05	1
0.0785236	1e-05	1
0.0794328	1e-05	1
0.0803526	1e-05	1
0.0812831	1e-05	1
0.0822243	1e-05	1
0.0831764	1e-05	1
0.0841395	1e-05	1
0.0851138	1e-05	1
0.0860994	1e-05	1
0.0870964	1e-05	1
0.0881049	1e-05	1
0.0891251	1e-05	1
0.0901571	1e-05	1
0.0912011	1e-05	1
0.0922571	1e-05	1
0.0933254	1e-05	1
0.0944061	1e-05	1
0.0954993	1e-05	1
0.0966051	1e-05	1
0.0977237	1e-05	1
0.0988553	1e-05	1
0.1	1e-05	1
0.101158	1e-05	1
0.102329	1e-05	1
0.103514	1e-05	1
0.104713	1e-05	1
0.105925	1e-05	1
0.107152	1.25893e-07	2.55099
0.108393	2.29087e-08	2.44962
0.109648	9.12011e-09	2.662
0.110917	4.57088e-09	2.60136
0.112202	2.63027e-09	2.45502
0.113501	1.7378e-09	2.5023
0.114815	1.25893e-09	2.66538
0.116145	9.12011e-10	2.55579
0.11749	6.91831e-10	2.47374
0.11885	5.49541e-10	2.45299
0.120226	4.57088e-10	2.51759
0.121619	3.80189e-10	2.45633
0.123027	3.31131e-10	2.50987
0.124451	2.88403e-10	2.45687
0.125893	2.63027e-10	2.52989
0.12735	2.39883e-10	2.49935
0.128825	2.29087e-10	2.59432
0.130317	2.18776e-10	2.57324
0.131826	2.18776e-10	2.66411
0.133352	2.18776e-10	2.61428
0.134896	2.29087e-10	2.66513
0.136458	2.39883e-10	2.61605
0.138038	2.51189e-10	2.64995
0.139637	2.29087e-10	2.48515
0.141254	2.0893e-10	2.64378
0.142889	1.8197e-10	2.54611
0.144544	1.65959e-10	2.66825
0.146218	1.44544e-10	2.53319
0.147911	1.31826e-10	2.62162
0.149624	1.14815e-10	2.45916
0.151356	1.04713e-10	2.51564
0.153109	9.54993e-11	2.56035
0.154882	8.70964e-11	2.59443
0.156675	7.94328e-11	2.61621
0.158489	7.24436e-11	2.62705
0.160325	6.60693e-11	2.62741
0.162181	6.0256e-11	2.61786
0.164059	5.49541e-11	2.59904
0.165959	5.01187e-11	2.57251
0.16788	4.57088e-11	2.53714
0.169824	4.16869e-11	2.49459
0.171791	3.80189e-11	2.4456
0.17378	3.63078e-11	2.62154
0.175792	3.31131e-11	2.55604
0.177828	3.01995e-11	2.48583
0.179887	2.88403e-11	2.64432
0.18197	2.63027e-11	2.55939
0.184077	2.39883e-11	2.47086
0.186209	2.29087e-11	2.61069
0.188365	2.0893e-11	2.51049
0.190546	1.99526e-11	2.64173
0.192752	1.8197e-11	2.53035
0.194984	1.7378e-11	2.65254
0.197242	1.58489e-11	2.53068
0.199526	1.51356e-11	2.6435
0.201837	1.38038e-11	2.51412
0.204174	1.31826e-11	2.61679
0.206538	1.20226e-11	2.48073
0.20893	1.14815e-11	2.57467
0.211349	1.09648e-11	2.66752
0.213796	1e-11	2.5175
0.216272	9.54993e-12	2.60086
0.218776	8.70964e-12	2.44777
0.221309	8.31764e-12	2.52201
0.223872	7.94328e-12	2.5957
0.226464	7.58578e-12	2.66759
0.229087	6.91831e-12	2.49719
0.231739	6.60693e-12	2.56064
0.234423	6.30957e-12	2.62214
0.237137	5.7544e-12	2.44609
0.239883	5.49541e-12	2.4997
0.242661	5.24807e-12	2.55131
0.245471	5.01187e-12	2.60132
0.248313	4.7863e-12	2.6497
0.251189	4.36516e-12	2.45919
0.254097	4.16869e-12	2.50037
0.25704	3.98107e-12	2.54014
0.260016	3.80189e-12	2.57861
0.263027	3.63078e-12	2.61597
0.266073	3.46737e-12	2.65249
0.269153	3.16228e-12	2.45201
0.27227	3.01995e-12	2.48508
0.275423	2.88403e-12	2.51918
0.278612	2.75423e-12	2.55566
0.281838	2.63027e-12	2.59678
0.285102	2.51189e-12	2.6464
0.288403	2.29087e-12	2.47416
0.291743	2.18776e-12	2.5671
0.295121	1.99526e-12	2.50511
0.298538	1.7378e-12	2.58396
0.301995	2.18776e-12	2.50894
0.305492	2.0893e-12	2.49016
0.30903	1.99526e-12	2.46785
0.312608	1.90546e-12	2.44204
0.316228	1.90546e-12	2.64542
0.31989	1.8197e-12	2.60933
0.323594	1.7378e-12	2.56934
0.327341	1.65959e-12	2.52551
0.331131	1.58489e-12	2.47787
0.334965	1.58489e-12	2.66057
0.338844	1.51356e-12	2.60015
0.342768	1.44544e-12	2.53574
0.346737	1.38038e-12	2.46745
0.350752	1.38038e-12	2.62649
0.354813	1.31826e-12	2.54351
0.358922	1.25893e-12	2.4567
0.363078	1.25893e-12	2.59456
0.367282	1.20226e-12	2.49163
0.371535	1.20226e-12	2.61532
0.375837	1.14815e-12	2.49506
0.380189	1.14815e-12	2.60039
0.384592	1.09648e-12	2.46185
0.389045	1.09648e-12	2.5445
0.39355	1.09648e-12	2.61747
0.398107	1.04713e-12	2.44285
0.402717	1.04713e-12	2.48549
0.40738	1.04713e-12	2.51274
0.412098	1.04713e-12	2.52214
0.416869	1.04713e-12	2.51121
0.421697	1.04713e-12	2.47745
0.42658	1.09648e-12	2.65179
0.431519	1.09648e-12	2.55711
0.436516	1.14815e-12	2.66498
0.44157	1.14815e-12	2.48974
0.446684	1.20226e-12	2.49755
0.451856	1.25893e-12	2.44093
0.457088	1.38038e-12	2.53007
0.462381	1.51356e-12	2.50932
0.467735	1.7378e-12	2.56674
0.473151	2.0893e-12	2.62859
0.47863	2.63027e-12	2.54181
0.484172	3.98107e-12	2.64904
0.489779	9.12011e-12	2.64917
0.49545	1e-05	1
0.501187	1e-05	1
0.506991	1e-05	1
0.512861	1e-05	1
0.5188	1e-05	1
0.524807	1e-05	1
0.530884	1e-05	1
0.537032	1e-05	1
0.54325	1e-05	1
0.549541	1e-05	1
0.555904	1e-05	1
0.562341	1e-05	1
0.568853	1e-05	1
0.57544	1e-05	1
0.582103	1e-05	1
0.588844	1e-05	1
0.595662	1e-05	1
0.60256	1e-05	1
0.609537	1e-05	1
0.616595	1e-05	1
0.623735	1e-05	1
0.630957	1e-05	1
