0.01	1e-05	1
0.0101158	1e-05	1
0.0102329	1e-05	1
0.0103514	1e-05	1
0.0104713	1e-05	1
0.0105925	1e-05	1
0.0107152	1e-05	1
0.0108393	1e-05	1
0.0109648	1e-05	1
0.0110917	1e-05	1
0.0112202	1e-05	1
0.0113501	1e-05	1
0.0114815	1e-05	1
0.0116145	1e-05	1
0.011749	1e-05	1
0.011885	1e-05	1
0.0120226	1e-05	1
0.0121619	1e-05	1
0.0123027	1e-05	1
0.0124451	1e-05	1
0.0125893	1e-05	1
0.012735	1e-05	1
0.0128825	1e-05	1
0.0130317	1e-05	1
0.0131826	1e-05	1
0.0133352	1e-05	1
0.0134896	1e-05	1
0.0136458	1e-05	1
0.0138038	1e-05	1
0.0139637	1e-05	1
0.0141254	1e-05	1
0.0142889	1e-05	1
0.0144544	1e-05	1
0.0146218	1e-05	1
0.0147911	1e-05	1
0.0149624	1e-05	1
0.0151356	1e-05	1
0.0153109	1e-05	1
0.0154882	1e-05	1
0.0156675	1e-05	1
0.0158489	1e-05	1
0.0160325	1e-05	1
0.0162181	1e-05	1
0.0164059	1e-05	1
0.0165959	1e-05	1
0.016788	1e-05	1
0.0169824	1e-05	1
0.0171791	1e-05	1
0.017378	1e-05	1
0.0175792	1e-05	1
0.0177828	1e-05	1
0.0179887	1e-05	1
0.018197	1e-05	1
0.0184077	1e-05	1
0.0186209	1e-05	1
0.0188365	1e-05	1
0.0190546	1e-05	1
0.0192752	1e-05	1
0.0194984	1e-05	1
0.0197242	1e-05	1
0.0199526	1e-05	1
0.0201837	1e-05	1
0.0204174	1e-05	1
0.0206538	1e-05	1
0.020893	1e-05	1
0.0211349	1e-05	1
0.0213796	1e-05	1
0.0216272	1e-05	1
0.0218776	1e-05	1
0.0221309	1e-05	1
0.0223872	1e-05	1
0.0226464	1e-05	1
0.0229087	1e-05	1
0.0231739	1e-05	1
0.0234423	1e-05	1
0.0237137	1e-05	1
0.0239883	1e-05	1
0.0242661	1e-05	1
0.0245471	1e-05	1
0.0248313	1e-05	1
0.0251189	1e-05	1
0.0254097	1e-05	1
0.025704	1e-05	1
0.0260016	1e-05	1
0.0263027	1e-05	1
0.0266073	1e-05	1
0.0269153	1e-05	1
0.027227	1e-05	1
0.0275423	1e-05	1
0.0278612	1e-05	1
0.0281838	1e-05	1
0.0285102	1e-05	1
0.0288403	1e-05	1
0.0291743	1e-05	1
0.0295121	1e-05	1
0.0298538	1e-05	1
0.0301995	1e-05	1
0.0305492	1e-05	1
0.030903	1e-05	1
0.0312608	1e-05	1
0.0316228	1e-05	1
0.031989	1e-05	1
0.0323594	1e-05	1
0.0327341	1e-05	1
0.0331131	1e-05	1
0.0334965	1e-05	1
0.0338844	1e-05	1
0.0342768	1e-05	1
0.0346737	1e-05	1
0.0350752	1e-05	1
0.0354813	1e-05	1
0.0358922	1e-05	1
0.0363078	1e-05	1
0.0367282	1e-05	1
0.0371535	1e-05	1
0.0375837	1e-05	1
0.0380189	1e-05	1
0.0384592	1e-05	1
0.0389045	1e-05	1
0.039355	1e-05	1
0.0398107	1e-05	1
0.0402717	1e-05	1
0.040738	1e-05	1
0.0412098	1e-05	1
0.0416869	1e-05	1
0.0421697	1e-05	1
0.042658	1e-05	1
0.0431519	1e-05	1
0.0436516	1e-05	1
0.044157	1e-05	1
0.0446684	1e-05	1
0.0451856	1e-05	1
0.0457088	1e-05	1
0.0462381	1e-05	1
0.0467735	1e-05	1
0.0473151	1e-05	1
0.047863	1e-05	1
0.0484172	1e-05	1
0.0489779	1e-05	1
0.049545	1e-05	1
0.0501187	1e-05	1
0.0506991	1e-05	1
0.0512861	1e-05	1
0.05188	1e-05	1
0.0524807	1e-05	1
0.0530884	1e-05	1
0.0537032	1e-05	1
0.054325	1e-05	1
0.0549541	1e-05	1
0.0555904	1e-05	1
0.0562341	1e-05	1
0.0568853	1e-05	1
0.057544	1e-05	1
0.0582103	1e-05	1
0.0588844	1e-05	1
0.0595662	1e-05	1
0.060256	1e-05	1
0.0609537	1e-05	1
0.0616595	1e-05	1
0.0623735	1e-05	1
0.0630957	1e-05	1
0.0638263	1e-05	1
0.0645654	1e-05	1
0.0653131	1e-05	1
0.0660693	1e-05	1
0.0668344	1e-05	1
0.0676083	1e-05	1
0.0683912	1e-05	1
0.0691831	1e-05	1
0.0699842	1e-05	1
0.0707946	1e-05	1
0.0716143	1e-05	1
0.0724436	1e-05	1
0.0732825	1e-05	1
0.074131	1e-05	1
0.0749894	1e-05	1
0.0758578	1e-05	1
0.0767361	1e-05	1
0.0776247	1e-05	1
0.0785236	1e-05	1
0.0794328	1e-05	1
0.0803526	1e-05	1
0.0812831	1e-05	1
0.0822243	1e-05	1
0.0831764	1e-05	1
0.0841395	1e-05	1
0.0851138	1e-05	1
0.0860994	1e-05	1
0.0870964	1e-05	1
0.0881049	1e-05	1
0.0891251	1e-05	1
0.0901571	1e-05	1
0.0912011	1e-05	1
0.0922571	1e-05	1
0.0933254	1e-05	1
0.0944061	1e-05	1
0.0954993	1e-05	1
0.0966051	1e-05	1
0.0977237	1e-05	1
0.0988553	1e-05	1
0.1	1e-05	1
0.101158	1e-05	1
0.102329	1e-05	1
0.103514	1e-05	1
0.104713	1e-05	1
0.105925	1e-05	1
0.107152	1e-05	1
0.108393	1e-05	1
0.109648	1e-05	1
0.110917	1e-05	1
0.112202	1e-05	1
0.113501	1e-05	1
0.114815	1e-05	1
0.116145	1e-05	1
0.11749	1e-05	1
0.11885	1e-05	1
0.120226	1e-05	1
0.121619	1e-05	1
0.123027	1e-05	1
0.124451	1e-05	1
0.125893	1e-05	1
0.12735	1e-05	1
0.128825	1e-05	1
0.130317	1e-05	1
0.131826	1e-05	1
0.133352	1e-05	1
0.134896	1e-05	1
0.136458	1e-05	1
0.138038	1e-05	1
0.139637	1e-05	1
0.141254	1e-05	1
0.142889	1e-05	1
0.144544	1e-05	1
0.146218	1e-05	1
0.147911	1e-05	1
0.149624	1e-05	1
0.151356	1e-05	1
0.153109	1e-05	1
0.154882	1e-05	1
0.156675	1e-05	1
0.158489	1e-05	1
0.160325	1e-05	1
0.162181	1e-05	1
0.164059	1e-05	1
0.165959	1e-05	1
0.16788	1e-05	1
0.169824	1e-05	1
0.171791	1e-05	1
0.17378	1e-05	1
0.175792	1e-05	1
0.177828	1e-05	1
0.179887	1e-05	1
0.18197	1e-05	1
0.184077	1e-05	1
0.186209	1e-05	1
0.188365	1e-05	1
0.190546	1e-05	1
0.192752	1e-05	1
0.194984	1e-05	1
0.197242	1e-05	1
0.199526	1e-05	1
0.201837	1e-05	1
0.204174	1e-05	1
0.206538	1e-05	1
0.20893	1e-05	1
0.211349	1e-05	1
0.213796	1.25893e-08	2.59504
0.216272	3.63078e-09	2.53102
0.218776	1.7378e-09	2.51796
0.221309	1.04713e-09	2.63639
0.223872	6.91831e-10	2.651
0.226464	4.7863e-10	2.53401
0.229087	3.63078e-10	2.63883
0.231739	2.75423e-10	2.55695
0.234423	2.18776e-10	2.57002
0.237137	1.7378e-10	2.47274
0.239883	1.44544e-10	2.51842
0.242661	1.20226e-10	2.49048
0.245471	1.04713e-10	2.63479
0.248313	8.70964e-11	2.48943
0.251189	7.58578e-11	2.53275
0.254097	6.60693e-11	2.53654
0.25704	5.7544e-11	2.50546
0.260016	5.01187e-11	2.44476
0.263027	4.57088e-11	2.58755
0.266073	3.98107e-11	2.47388
0.269153	3.63078e-11	2.57149
0.27227	3.31131e-11	2.65312
0.275423	2.88403e-11	2.48051
0.278612	2.63027e-11	2.52947
0.281838	2.39883e-11	2.56926
0.285102	2.18776e-11	2.60427
0.288403	1.99526e-11	2.64301
0.291743	1.7378e-11	2.46547
0.295121	1.58489e-11	2.59033
0.298538	1.31826e-11	2.61394
0.301995	1.58489e-11	2.47461
0.305492	1.51356e-11	2.61747
0.30903	1.38038e-11	2.51381
0.312608	1.31826e-11	2.63591
0.316228	1.20226e-11	2.51027
0.31989	1.14815e-11	2.61068
0.323594	1.04713e-11	2.46641
0.327341	1e-11	2.545
0.331131	9.54993e-12	2.61605
0.334965	8.70964e-12	2.44313
0.338844	8.31764e-12	2.49231
0.342768	7.94328e-12	2.53285
0.346737	7.58578e-12	2.56426
0.350752	7.24436e-12	2.58609
0.354813	6.91831e-12	2.59797
0.358922	6.60693e-12	2.59954
0.363078	6.30957e-12	2.59053
0.367282	6.0256e-12	2.57075
0.371535	5.7544e-12	2.54005
0.375837	5.49541e-12	2.49839
0.380189	5.24807e-12	2.44578
0.384592	5.24807e-12	2.61218
0.389045	5.01187e-12	2.53095
0.39355	5.01187e-12	2.67363
0.398107	4.7863e-12	2.56021
0.402717	4.7863e-12	2.67043
0.40738	4.57088e-12	2.52207
0.412098	4.57088e-12	2.5911
0.416869	4.57088e-12	2.63863
0.421697	4.57088e-12	2.66056
0.42658	4.57088e-12	2.65267
0.431519	4.57088e-12	2.61087
0.436516	4.57088e-12	2.53132
0.44157	4.7863e-12	2.64339
0.446684	4.7863e-12	2.4639
0.451856	5.01187e-12	2.45202
0.457088	5.49541e-12	2.58659
0.462381	6.0256e-12	2.60945
0.467735	6.60693e-12	2.47491
0.473151	7.94328e-12	2.57556
0.47863	1e-11	2.52968
0.484172	1.44544e-11	2.44111
0.489779	3.31131e-11	2.47741
0.49545	1e-05	1
0.501187	1e-05	1
0.506991	1e-05	1
0.512861	1e-05	1
0.5188	1e-05	1
0.524807	1e-05	1
0.530884	1e-05	1
0.537032	1e-05	1
0.54325	1e-05	1
0.549541	1e-05	1
0.555904	1e-05	1
0.562341	1e-05	1
0.568853	1e-05	1
0.57544	1e-05	1
0.582103	1e-05	1
0.588844	1e-05	1
0.595662	1e-05	1
0.60256	1e-05	1
0.609537	1e-05	1
0.616595	1e-05	1
0.623735	1e-05	1
0.630957	1e-05	1
