0.01	1e-05	1
0.0101158	1e-05	1
0.0102329	1e-05	1
0.0103514	1e-05	1
0.0104713	1e-05	1
0.0105925	1e-05	1
0.0107152	1e-05	1
0.0108393	1e-05	1
0.0109648	1e-05	1
0.0110917	1e-05	1
0.0112202	1e-05	1
0.0113501	1e-05	1
0.0114815	1e-05	1
0.0116145	1e-05	1
0.011749	1e-05	1
0.011885	1e-05	1
0.0120226	1e-05	1
0.0121619	1e-05	1
0.0123027	1e-05	1
0.0124451	1e-05	1
0.0125893	1e-05	1
0.012735	1e-05	1
0.0128825	1e-05	1
0.0130317	1e-05	1
0.0131826	1e-05	1
0.0133352	1e-05	1
0.0134896	1e-05	1
0.0136458	1e-05	1
0.0138038	1e-05	1
0.0139637	1e-05	1
0.0141254	1e-05	1
0.0142889	1e-05	1
0.0144544	1e-05	1
0.0146218	1e-05	1
0.0147911	1e-05	1
0.0149624	1e-05	1
0.0151356	1e-05	1
0.0153109	1e-05	1
0.0154882	1e-05	1
0.0156675	1e-05	1
0.0158489	1e-05	1
0.0160325	1e-05	1
0.0162181	1e-05	1
0.0164059	1e-05	1
0.0165959	1e-05	1
0.016788	1e-05	1
0.0169824	1e-05	1
0.0171791	1e-05	1
0.017378	1e-05	1
0.0175792	1e-05	1
0.0177828	1e-05	1
0.0179887	1e-05	1
0.018197	1e-05	1
0.0184077	1e-05	1
0.0186209	1e-05	1
0.0188365	1e-05	1
0.0190546	1e-05	1
0.0192752	1e-05	1
0.0194984	1e-05	1
0.0197242	1e-05	1
0.0199526	1e-05	1
0.0201837	1e-05	1
0.0204174	1e-05	1
0.0206538	1e-05	1
0.020893	1e-05	1
0.0211349	1e-05	1
0.0213796	1e-05	1
0.0216272	1e-05	1
0.0218776	1e-05	1
0.0221309	1e-05	1
0.0223872	1e-05	1
0.0226464	1e-05	1
0.0229087	1e-05	1
0.0231739	1e-05	1
0.0234423	1e-05	1
0.0237137	1e-05	1
0.0239883	1e-05	1
0.0242661	1e-05	1
0.0245471	1e-05	1
0.0248313	1e-05	1
0.0251189	1e-05	1
0.0254097	1e-05	1
0.025704	1e-05	1
0.0260016	1e-05	1
0.0263027	1e-05	1
0.0266073	1e-05	1
0.0269153	1e-05	1
0.027227	1e-05	1
0.0275423	1e-05	1
0.0278612	1e-05	1
0.0281838	1e-05	1
0.0285102	1e-05	1
0.0288403	1e-05	1
0.0291743	1e-05	1
0.0295121	1e-05	1
0.0298538	1e-05	1
0.0301995	1e-05	1
0.0305492	1e-05	1
0.030903	1e-05	1
0.0312608	1e-05	1
0.0316228	1e-05	1
0.031989	1e-05	1
0.0323594	1e-05	1
0.0327341	1e-05	1
0.0331131	1e-05	1
0.0334965	1e-05	1
0.0338844	1e-05	1
0.0342768	1e-05	1
0.0346737	1e-05	1
0.0350752	1e-05	1
0.0354813	1e-05	1
0.0358922	1e-05	1
0.0363078	1e-05	1
0.0367282	1e-05	1
0.0371535	1e-05	1
0.0375837	1e-05	1
0.0380189	1e-05	1
0.0384592	1e-05	1
0.0389045	1e-05	1
0.039355	1e-05	1
0.0398107	1e-05	1
0.0402717	1e-05	1
0.040738	1e-05	1
0.0412098	1e-05	1
0.0416869	1e-05	1
0.0421697	1e-05	1
0.042658	1e-05	1
0.0431519	1e-05	1
0.0436516	1e-05	1
0.044157	1e-05	1
0.0446684	1e-05	1
0.0451856	1e-05	1
0.0457088	1e-05	1
0.0462381	1e-05	1
0.0467735	1e-05	1
0.0473151	1e-05	1
0.047863	1e-05	1
0.0484172	1e-05	1
0.0489779	1e-05	1
0.049545	1e-05	1
0.0501187	1e-05	1
0.0506991	1e-05	1
0.0512861	1e-05	1
0.05188	1e-05	1
0.0524807	1e-05	1
0.0530884	1e-05	1
0.0537032	1e-05	1
0.054325	1e-05	1
0.0549541	1e-05	1
0.0555904	1e-05	1
0.0562341	1e-05	1
0.0568853	1e-05	1
0.057544	1e-05	1
0.0582103	1e-05	1
0.0588844	1e-05	1
0.0595662	1e-05	1
0.060256	1e-05	1
0.0609537	1e-05	1
0.0616595	1e-05	1
0.0623735	1e-05	1
0.0630957	1e-05	1
0.0638263	1e-05	1
0.0645654	1e-05	1
0.0653131	1e-05	1
0.0660693	1e-05	1
0.0668344	1e-05	1
0.0676083	1e-05	1
0.0683912	1e-05	1
0.0691831	1e-05	1
0.0699842	1e-05	1
0.0707946	1e-05	1
0.0716143	1e-05	1
0.0724436	1e-05	1
0.0732825	1e-05	1
0.074131	1e-05	1
0.0749894	1e-05	1
0.0758578	1e-05	1
0.0767361	1e-05	1
0.0776247	1e-05	1
0.0785236	1e-05	1
0.0794328	1e-05	1
0.0803526	1e-05	1
0.0812831	1e-05	1
0.0822243	1e-05	1
0.0831764	1e-05	1
0.0841395	1e-05	1
0.0851138	1e-05	1
0.0860994	1e-05	1
0.0870964	1e-05	1
0.0881049	1e-05	1
0.0891251	1e-05	1
0.0901571	1e-05	1
0.0912011	1e-05	1
0.0922571	1e-05	1
0.0933254	1e-05	1
0.0944061	1e-05	1
0.0954993	1e-05	1
0.0966051	1e-05	1
0.0977237	1e-05	1
0.0988553	1e-05	1
0.1	1e-05	1
0.101158	1e-05	1
0.102329	1e-05	1
0.103514	1e-05	1
0.104713	1e-05	1
0.105925	1e-05	1
0.107152	1e-05	1
0.108393	1e-05	1
0.109648	1e-05	1
0.110917	1e-05	1
0.112202	1e-05	1
0.113501	1e-05	1
0.114815	1e-05	1
0.116145	1e-05	1
0.11749	1e-05	1
0.11885	1e-05	1
0.120226	1e-05	1
0.121619	1e-05	1
0.123027	1e-05	1
0.124451	1e-05	1
0.125893	1e-05	1
0.12735	1e-05	1
0.128825	1e-05	1
0.130317	1e-05	1
0.131826	1e-05	1
0.133352	1e-05	1
0.134896	1e-05	1
0.136458	1e-05	1
0.138038	1e-05	1
0.139637	1e-05	1
0.141254	1e-05	1
0.142889	1e-05	1
0.144544	1e-05	1
0.146218	1e-05	1
0.147911	1e-05	1
0.149624	1e-05	1
0.151356	1e-05	1
0.153109	1e-05	1
0.154882	1e-05	1
0.156675	1e-05	1
0.158489	1e-05	1
0.160325	1e-05	1
0.162181	1e-05	1
0.164059	1e-05	1
0.165959	1e-05	1
0.16788	1e-05	1
0.169824	1e-05	1
0.171791	1e-05	1
0.17378	1e-05	1
0.175792	1e-05	1
0.177828	1e-05	1
0.179887	1e-05	1
0.18197	1e-05	1
0.184077	1e-05	1
0.186209	1e-05	1
0.188365	1e-05	1
0.190546	1e-05	1
0.192752	1e-05	1
0.194984	1e-05	1
0.197242	1e-05	1
0.199526	1e-05	1
0.201837	1e-05	1
0.204174	1e-05	1
0.206538	1e-05	1
0.20893	1e-05	1
0.211349	1e-05	1
0.213796	4.16869e-09	2.48084
0.216272	1.25893e-09	2.59403
0.218776	6.0256e-10	2.52366
0.221309	3.63078e-10	2.58534
0.223872	2.39883e-10	2.54464
0.226464	1.7378e-10	2.61137
0.229087	1.31826e-10	2.6633
0.231739	1e-10	2.52829
0.234423	7.94328e-11	2.49081
0.237137	6.60693e-11	2.57614
0.239883	5.49541e-11	2.57262
0.242661	4.57088e-11	2.49539
0.245471	3.98107e-11	2.58983
0.248313	3.46737e-11	2.63302
0.251189	3.01995e-11	2.62916
0.254097	2.63027e-11	2.58439
0.25704	2.29087e-11	2.50587
0.260016	2.0893e-11	2.6319
0.263027	1.8197e-11	2.49408
0.266073	1.65959e-11	2.56633
0.269153	1.51356e-11	2.61795
0.27227	1.38038e-11	2.64991
0.275423	1.25893e-11	2.66431
0.278612	1.14815e-11	2.66336
0.281838	1.04713e-11	2.64935
0.285102	9.54993e-12	2.62695
0.288403	8.70964e-12	2.60234
0.291743	7.94328e-12	2.58842
0.295121	7.24436e-12	2.62144
0.298538	6.0256e-12	2.46105
0.301995	6.91831e-12	2.46391
0.305492	6.60693e-12	2.56057
0.30903	6.30957e-12	2.6482
0.312608	5.7544e-12	2.48577
0.316228	5.49541e-12	2.54645
0.31989	5.24807e-12	2.59635
0.323594	5.01187e-12	2.63408
0.327341	4.7863e-12	2.65928
0.331131	4.57088e-12	2.67109
0.334965	4.36516e-12	2.66829
0.338844	4.16869e-12	2.65015
0.342768	3.98107e-12	2.61554
0.346737	3.80189e-12	2.56375
0.350752	3.63078e-12	2.49342
0.354813	3.63078e-12	2.63498
0.358922	3.46737e-12	2.51229
0.363078	3.46737e-12	2.5909
0.367282	3.46737e-12	2.62484
0.371535	3.46737e-12	2.59331
0.375837	3.46737e-12	2.46326
0.380189	3.80189e-12	2.61456
0.384592	4.36516e-12	2.49252
0.389045	1e-05	1
0.39355	1e-05	1
0.398107	1e-05	1
0.402717	1e-05	1
0.40738	1e-05	1
0.412098	1e-05	1
0.416869	1e-05	1
0.421697	1e-05	1
0.42658	1e-05	1
0.431519	1e-05	1
0.436516	1e-05	1
0.44157	1e-05	1
0.446684	1e-05	1
0.451856	1e-05	1
0.457088	1e-05	1
0.462381	1e-05	1
0.467735	1e-05	1
0.473151	1e-05	1
0.47863	1e-05	1
0.484172	1e-05	1
0.489779	1e-05	1
0.49545	1e-05	1
0.501187	1e-05	1
0.506991	1e-05	1
0.512861	1e-05	1
0.5188	1e-05	1
0.524807	1e-05	1
0.530884	1e-05	1
0.537032	1e-05	1
0.54325	1e-05	1
0.549541	1e-05	1
0.555904	1e-05	1
0.562341	1e-05	1
0.568853	1e-05	1
0.57544	1e-05	1
0.582103	1e-05	1
0.588844	1e-05	1
0.595662	1e-05	1
0.60256	1e-05	1
0.609537	1e-05	1
0.616595	1e-05	1
0.623735	1e-05	1
0.630957	1e-05	1
