0.01	2.51189e-07	2.44377
0.0101158	2.51189e-07	2.60102
0.0102329	2.39883e-07	2.4959
0.0103514	2.29087e-07	2.44712
0.0104713	2.29087e-07	2.59882
0.0105925	2.18776e-07	2.5973
0.0107152	2.0893e-07	2.49017
0.0108393	1.99526e-07	2.52854
0.0109648	1.99526e-07	2.60983
0.0110917	1.90546e-07	2.54826
0.0112202	1.8197e-07	2.53337
0.0113501	1.7378e-07	2.49513
0.0114815	1.7378e-07	2.64179
0.0116145	1.65959e-07	2.57342
0.011749	1.58489e-07	2.57948
0.011885	1.51356e-07	2.47033
0.0120226	1.51356e-07	2.66817
0.0121619	1.44544e-07	2.61844
0.0123027	1.38038e-07	2.5453
0.0124451	1.31826e-07	2.45582
0.0125893	1.31826e-07	2.68078
0.012735	1.25893e-07	2.63413
0.0128825	1.20226e-07	2.5349
0.0130317	1.20226e-07	2.71567
0.0131826	1.14815e-07	2.676
0.0133352	1.09648e-07	2.57042
0.0134896	1.04713e-07	2.51124
0.0136458	1e-07	2.47743
0.0138038	1e-07	2.66415
0.0139637	9.54993e-08	2.61583
0.0141254	9.12011e-08	2.52657
0.0142889	9.12011e-08	2.68952
0.0144544	8.70964e-08	2.64795
0.0146218	8.31764e-08	2.57608
0.0147911	7.94328e-08	2.47209
0.0149624	7.58578e-08	2.45232
0.0151356	7.58578e-08	2.6337
0.0153109	7.24436e-08	2.57482
0.0154882	6.91831e-08	2.46856
0.0156675	6.60693e-08	2.45126
0.0158489	6.60693e-08	2.61228
0.0160325	6.30957e-08	2.57401
0.0162181	6.0256e-08	2.50307
0.0164059	6.0256e-08	2.67756
0.0165959	5.7544e-08	2.60582
0.016788	5.49541e-08	2.5482
0.0169824	5.24807e-08	2.49323
0.0171791	5.24807e-08	2.68313
0.017378	5.01187e-08	2.58978
0.0175792	4.7863e-08	2.531
0.0177828	4.57088e-08	2.46327
0.0179887	4.57088e-08	2.64278
0.018197	4.36516e-08	2.57269
0.0184077	4.16869e-08	2.53267
0.0186209	3.98107e-08	2.45283
0.0188365	3.98107e-08	2.61829
0.0190546	3.80189e-08	2.57127
0.0192752	3.63078e-08	2.49261
0.0194984	3.63078e-08	2.6678
0.0197242	3.46737e-08	2.60951
0.0199526	3.31131e-08	2.53673
0.0201837	3.16228e-08	2.46855
0.0204174	3.16228e-08	2.64239
0.0206538	3.01995e-08	2.57506
0.020893	2.88403e-08	2.51751
0.0211349	2.75423e-08	2.45134
0.0213796	2.75423e-08	2.61192
0.0216272	2.63027e-08	2.52965
0.0218776	2.51189e-08	2.48733
0.0221309	2.51189e-08	2.63094
0.0223872	2.39883e-08	2.56671
0.0226464	2.29087e-08	2.48915
0.0229087	2.29087e-08	2.66848
0.0231739	2.18776e-08	2.58372
0.0234423	2.0893e-08	2.51043
0.0237137	1.99526e-08	2.44551
0.0239883	1.99526e-08	2.60314
0.0242661	1.90546e-08	2.52529
0.0245471	1.8197e-08	2.44293
0.0248313	1.8197e-08	2.59766
0.0251189	1.7378e-08	2.5173
0.0254097	1.7378e-08	2.66996
0.025704	1.65959e-08	2.57239
0.0260016	1.58489e-08	2.50134
0.0263027	1.58489e-08	2.64498
0.0266073	1.51356e-08	2.55773
0.0269153	1.44544e-08	2.45849
0.027227	1.44544e-08	2.6025
0.0275423	1.38038e-08	2.50377
0.0278612	1.38038e-08	2.63905
0.0281838	1.31826e-08	2.52625
0.0285102	1.31826e-08	2.65115
0.0288403	1.25893e-08	2.53779
0.0291743	1.25893e-08	2.65171
0.0295121	1.20226e-08	2.52269
0.0298538	1.20226e-08	2.62171
0.0301995	1.14815e-08	2.47075
0.0305492	1.14815e-08	2.54617
0.030903	1.14815e-08	2.60846
0.0312608	1.14815e-08	2.65311
0.0316228	1.14815e-08	2.67015
0.031989	1.14815e-08	2.65409
0.0323594	1.14815e-08	2.58727
0.0327341	1.14815e-08	2.4462
0.0331131	1.25893e-08	2.63743
0.0334965	1.38038e-08	2.50641
0.0338844	2.51189e-08	2.58021
0.0342768	5.7544e-08	2.57018
0.0346737	5.49541e-08	2.51557
0.0350752	5.24807e-08	2.44086
0.0354813	5.24807e-08	2.62009
0.0358922	5.01187e-08	2.565
0.0363078	4.7863e-08	2.48932
0.0367282	4.7863e-08	2.67277
0.0371535	4.57088e-08	2.59437
0.0375837	4.36516e-08	2.54038
0.0380189	4.16869e-08	2.46667
0.0384592	4.16869e-08	2.64841
0.0389045	3.98107e-08	2.59415
0.039355	3.80189e-08	2.51929
0.0398107	3.63078e-08	2.46708
0.0402717	3.63078e-08	2.62767
0.040738	3.46737e-08	2.5743
0.0412098	3.31131e-08	2.50128
0.0416869	3.16228e-08	2.45055
0.0421697	3.16228e-08	2.61121
0.042658	3.01995e-08	2.55854
0.0431519	2.88403e-08	2.48774
0.0436516	2.88403e-08	2.67264
0.044157	2.75423e-08	2.59923
0.0446684	2.63027e-08	2.54741
0.0451856	2.51189e-08	2.47815
0.0457088	2.51189e-08	2.66355
0.0462381	2.39883e-08	2.59165
0.0467735	2.29087e-08	2.54089
0.0473151	2.18776e-08	2.47349
0.047863	2.18776e-08	2.65913
0.0484172	2.0893e-08	2.58963
0.0489779	1.99526e-08	2.53944
0.049545	1.90546e-08	2.47397
0.0501187	1.90546e-08	2.64307
0.0506991	1.8197e-08	2.59254
0.0512861	1.7378e-08	2.52745
0.05188	1.65959e-08	2.47946
0.0524807	1.65959e-08	2.65125
0.0530884	1.58489e-08	2.5866
0.0537032	1.51356e-08	2.53804
0.054325	1.44544e-08	2.47714
0.0549541	1.44544e-08	2.66559
0.0555904	1.38038e-08	2.60263
0.0562341	1.31826e-08	2.54192
0.0568853	1.25893e-08	2.49541
0.057544	1.25893e-08	2.6734
0.0582103	1.20226e-08	2.6132
0.0588844	1.14815e-08	2.56599
0.0595662	1.09648e-08	2.50921
0.060256	1.04713e-08	2.45427
0.0609537	1.04713e-08	2.6433
0.0616595	1e-08	2.58672
0.0623735	9.54993e-09	2.53194
0.0630957	9.12011e-09	2.47918
0.0638263	9.12011e-09	2.67121
0.0645654	8.70964e-09	2.61674
0.0653131	8.31764e-09	2.56403
0.0660693	7.94328e-09	2.51316
0.0668344	7.58578e-09	2.47071
0.0676083	7.58578e-09	2.65641
0.0683912	7.24436e-09	2.60544
0.0691831	6.91831e-09	2.55619
0.0699842	6.60693e-09	2.5141
0.0707946	6.30957e-09	2.46759
0.0716143	6.30957e-09	2.65627
0.0724436	6.0256e-09	2.60851
0.0732825	5.7544e-09	2.56221
0.074131	5.49541e-09	2.51736
0.0749894	5.24807e-09	2.47761
0.0758578	5.24807e-09	2.67009
0.0767361	5.01187e-09	2.62499
0.0776247	4.7863e-09	2.58122
0.0785236	4.57088e-09	2.53873
0.0794328	4.36516e-09	2.49751
0.0803526	4.16869e-09	2.45759
0.0812831	4.16869e-09	2.65217
0.0822243	3.98107e-09	2.6108
0.0831764	3.80189e-09	2.57076
0.0841395	3.63078e-09	2.53187
0.0851138	3.46737e-09	2.49407
0.0860994	3.31131e-09	2.4575
0.0870964	3.31131e-09	2.65576
0.0881049	3.16228e-09	2.61817
0.0891251	3.01995e-09	2.58189
0.0901571	2.88403e-09	2.54705
0.0912011	2.75423e-09	2.51368
0.0922571	2.63027e-09	2.48201
0.0933254	2.51189e-09	2.45241
0.0944061	2.51189e-09	2.65934
0.0954993	2.39883e-09	2.63373
0.0966051	2.29087e-09	2.61458
0.0977237	2.18776e-09	2.60844
0.0988553	2.0893e-09	2.64134
#0.1	9.54993e-12	2.63043
0.101158	1.99526e-09	2.55612
0.102329	1.90546e-09	2.52045
0.103514	1.8197e-09	2.48552
0.104713	1.7378e-09	2.4513
0.105925	1.7378e-09	2.65098
0.107152	1.65959e-09	2.61373
0.108393	1.58489e-09	2.5784
0.109648	1.51356e-09	2.54373
0.110917	1.44544e-09	2.50975
0.112202	1.38038e-09	2.47528
0.113501	1.31826e-09	2.4426
0.114815	1.31826e-09	2.64308
0.116145	1.25893e-09	2.60739
0.11749	1.20226e-09	2.57351
0.11885	1.14815e-09	2.5403
0.120226	1.09648e-09	2.50651
0.121619	1.04713e-09	2.4745
0.123027	1e-09	2.44192
0.124451	1e-09	2.64365
0.125893	9.54993e-10	2.61036
0.12735	9.12011e-10	2.57645
0.128825	8.70964e-10	2.54431
0.130317	8.31764e-10	2.51155
0.131826	7.94328e-10	2.48049
0.133352	7.58578e-10	2.44882
0.134896	7.58578e-10	2.65209
0.136458	7.24436e-10	2.61845
0.138038	6.91831e-10	2.58536
0.139637	6.60693e-10	2.5539
0.141254	6.30957e-10	2.52182
0.142889	6.0256e-10	2.4913
0.144544	5.7544e-10	2.46015
0.146218	5.7544e-10	2.66383
0.147911	5.49541e-10	2.63179
0.149624	5.24807e-10	2.59904
0.151356	5.01187e-10	2.56675
0.153109	4.7863e-10	2.53488
0.154882	4.57088e-10	2.50449
0.156675	4.36516e-10	2.47342
0.158489	4.16869e-10	2.44273
0.160325	4.16869e-10	2.64516
0.162181	3.98107e-10	2.61231
0.164059	3.80189e-10	2.57983
0.165959	3.63078e-10	2.54872
0.16788	3.46737e-10	2.51691
0.169824	3.31131e-10	2.48543
0.171791	3.16228e-10	2.45426
0.17378	3.16228e-10	2.65718
0.175792	3.01995e-10	2.62363
0.177828	2.88403e-10	2.59037
0.179887	2.75423e-10	2.55738
0.18197	2.63027e-10	2.52466
0.184077	2.51189e-10	2.49133
0.186209	2.39883e-10	2.45911
0.188365	2.39883e-10	2.66126
0.190546	2.29087e-10	2.62638
0.192752	2.18776e-10	2.59169
0.194984	2.0893e-10	2.5572
0.197242	1.99526e-10	2.52216
0.199526	1.90546e-10	2.48802
0.201837	1.8197e-10	2.45403
0.204174	1.8197e-10	2.65298
0.206538	1.7378e-10	2.61602
0.20893	1.65959e-10	2.57916
0.211349	1.58489e-10	2.54183
0.213796	1.51356e-10	2.50519
0.216272	1.44544e-10	2.46813
0.218776	1.44544e-10	2.66626
0.221309	1.38038e-10	2.62587
0.223872	1.31826e-10	2.58601
0.226464	1.25893e-10	2.54581
0.229087	1.20226e-10	2.50572
0.231739	1.14815e-10	2.46602
0.234423	1.14815e-10	2.66013
0.237137	1.09648e-10	2.61644
0.239883	1.04713e-10	2.57303
0.242661	1e-10	2.52949
0.245471	9.54993e-11	2.48607
0.248313	9.12011e-11	2.44277
0.251189	9.12011e-11	2.63115
0.254097	8.70964e-11	2.58401
0.25704	8.31764e-11	2.53698
0.260016	7.94328e-11	2.49015
0.263027	7.58578e-11	2.44362
0.266073	7.58578e-11	2.62885
0.269153	7.24436e-11	2.57902
0.27227	6.91831e-11	2.53024
0.275423	6.60693e-11	2.48297
0.278612	6.60693e-11	2.67318
0.281838	6.30957e-11	2.62766
0.285102	6.0256e-11	2.58837
0.288403	5.7544e-11	2.56005
0.291743	5.49541e-11	2.55385
0.295121	5.24807e-11	2.60554
0.298538	4.57088e-11	2.47363
0.301995	5.49541e-11	2.51381
0.305492	5.49541e-11	2.66096
0.30903	5.24807e-11	2.56475
0.312608	5.01187e-11	2.4677
0.316228	5.01187e-11	2.59841
0.31989	4.7863e-11	2.49004
0.323594	4.7863e-11	2.61031
0.327341	4.57088e-11	2.48913
0.331131	4.57088e-11	2.59501
0.334965	4.36516e-11	2.45921
0.338844	4.36516e-11	2.54575
0.342768	4.36516e-11	2.62386
0.346737	4.16869e-11	2.45384
0.350752	4.16869e-11	2.50093
0.354813	4.16869e-11	2.53003
0.358922	4.16869e-11	2.53574
0.363078	4.16869e-11	2.51098
0.367282	4.16869e-11	2.44603
0.371535	4.36516e-11	2.55131
0.375837	4.57088e-11	2.56184
0.380189	5.01187e-11	2.62455
0.384592	6.0256e-11	2.65135
0.389045	1e-05	1
0.39355	1e-05	1
0.398107	1e-05	1
0.402717	1e-05	1
0.40738	1e-05	1
0.412098	1e-05	1
0.416869	1e-05	1
0.421697	1e-05	1
0.42658	1e-05	1
0.431519	1e-05	1
0.436516	1e-05	1
0.44157	1e-05	1
0.446684	1e-05	1
0.451856	1e-05	1
0.457088	1e-05	1
0.462381	1e-05	1
0.467735	1e-05	1
0.473151	1e-05	1
0.47863	1e-05	1
0.484172	1e-05	1
0.489779	1e-05	1
0.49545	1e-05	1
0.501187	1e-05	1
0.506991	1e-05	1
0.512861	1e-05	1
0.5188	1e-05	1
0.524807	1e-05	1
0.530884	1e-05	1
0.537032	1e-05	1
0.54325	1e-05	1
0.549541	1e-05	1
0.555904	1e-05	1
0.562341	1e-05	1
0.568853	1e-05	1
0.57544	1e-05	1
0.582103	1e-05	1
0.588844	1e-05	1
0.595662	1e-05	1
0.60256	1e-05	1
0.609537	1e-05	1
0.616595	1e-05	1
0.623735	1e-05	1
0.630957	1e-05	1
