0.01	3.46737e-08	2.91966
0.0101158	3.16228e-08	2.66517
0.0102329	3.01995e-08	2.54744
0.0103514	3.01995e-08	2.54959
0.0104713	3.01995e-08	3.2821
0.0105925	2.88403e-08	3.13684
0.0107152	2.63027e-08	2.86299
0.0108393	2.51189e-08	2.73612
0.0109648	2.29087e-08	2.49711
0.0110917	2.29087e-08	2.49853
0.0112202	2.29087e-08	2.6179
0.0113501	2.18776e-08	3.19254
0.0114815	2.0893e-08	3.05061
0.0116145	1.90546e-08	2.78372
0.011749	1.8197e-08	2.65981
0.011885	1.7378e-08	2.54134
0.0120226	1.7378e-08	3.01655
0.0121619	1.65959e-08	2.88202
0.0123027	1.51356e-08	2.62948
0.0124451	1.44544e-08	2.51205
0.0125893	1.44544e-08	2.51289
0.012735	1.38038e-08	2.78899
0.0128825	1.31826e-08	2.66418
0.0130317	1.25893e-08	2.54462
0.0131826	1.25893e-08	3.08536
0.0133352	1.14815e-08	2.81435
0.0134896	1.09648e-08	2.68803
0.0136458	1e-08	2.45175
0.0138038	1e-08	2.45189
0.0139637	9.54993e-09	2.62897
0.0141254	9.12011e-09	2.51035
0.0142889	9.12011e-09	2.84224
0.0144544	8.70964e-09	2.71403
0.0146218	7.94328e-09	2.47486
0.0147911	7.94328e-09	2.85692
0.0149624	7.58578e-09	2.72769
0.0151356	6.91831e-09	2.48672
0.0153109	6.91831e-09	2.69364
0.0154882	6.60693e-09	2.57142
0.0156675	6.30957e-09	2.4546
0.0158489	6.0256e-09	2.52041
0.0160325	6.0256e-09	2.82277
0.0162181	5.7544e-09	2.69407
0.0164059	5.24807e-09	2.45536
0.0165959	5.24807e-09	2.67832
0.016788	4.7863e-09	2.44068
0.0169824	4.7863e-09	2.56643
0.0171791	4.57088e-09	2.47178
0.017378	4.36516e-09	2.55028
0.0175792	4.36516e-09	2.65045
0.0177828	4.16869e-09	2.61929
0.0179887	3.98107e-09	2.49817
0.018197	3.80189e-09	2.62597
0.0184077	3.63078e-09	2.52253
0.0186209	3.46737e-09	2.451
0.0188365	3.46737e-09	2.55182
0.0190546	3.31131e-09	2.55247
0.0192752	3.16228e-09	2.47495
0.0194984	3.16228e-09	2.69938
0.0197242	3.01995e-09	2.58738
0.0199526	2.88403e-09	2.47986
0.0201837	2.88403e-09	2.68141
0.0204174	2.75423e-09	2.62965
0.0206538	2.63027e-09	2.51723
0.020893	2.63027e-09	2.64323
0.0211349	2.51189e-09	2.53308
0.0213796	2.39883e-09	2.54547
0.0216272	2.39883e-09	2.63777
0.0218776	2.29087e-09	2.61705
0.0221309	2.18776e-09	2.50239
0.0223872	2.0893e-09	2.44732
0.0226464	2.0893e-09	2.58687
0.0229087	1.99526e-09	2.5336
0.0231739	1.90546e-09	2.46844
0.0234423	1.8197e-09	2.45381
0.0237137	1.8197e-09	2.62397
0.0239883	1.7378e-09	2.49929
0.0242661	1.7378e-09	2.60971
0.0245471	1.65959e-09	2.61505
0.0248313	1.58489e-09	2.5167
0.0251189	1.58489e-09	2.64177
0.0254097	1.51356e-09	2.55054
0.025704	1.44544e-09	2.53168
0.0260016	1.44544e-09	2.65157
0.0263027	1.38038e-09	2.56863
0.0266073	1.31826e-09	2.4904
0.0269153	1.31826e-09	2.57738
0.027227	1.25893e-09	2.5135
0.0275423	1.20226e-09	2.44226
0.0278612	1.20226e-09	2.51038
0.0281838	1.14815e-09	2.44503
0.0285102	1.14815e-09	2.55032
0.0288403	1.09648e-09	2.47355
0.0291743	1.09648e-09	2.56435
0.0295121	1.04713e-09	2.4573
0.0298538	1.04713e-09	2.52253
0.0301995	1.04713e-09	2.63273
0.0305492	1e-09	2.46346
0.030903	1e-09	2.53009
0.0312608	1e-09	2.5679
0.0316228	1e-09	2.595
0.031989	1e-09	2.57961
0.0323594	1e-09	2.51841
0.0327341	1.04713e-09	2.57745
0.0331131	1.09648e-09	2.54427
0.0334965	1.25893e-09	2.6549
0.0338844	2.18776e-09	2.50604
0.0342768	5.01187e-09	2.48731
0.0346737	5.01187e-09	2.66893
0.0350752	4.7863e-09	2.59794
0.0354813	4.57088e-09	2.53713
0.0358922	4.36516e-09	2.48461
0.0363078	4.36516e-09	2.64526
0.0367282	4.16869e-09	2.5883
0.0371535	3.98107e-09	2.51379
0.0375837	3.80189e-09	2.46423
0.0380189	3.80189e-09	2.62225
0.0384592	3.63078e-09	2.56751
0.0389045	3.46737e-09	2.5145
0.039355	3.31131e-09	2.44296
0.0398107	3.31131e-09	2.62375
0.0402717	3.16228e-09	2.54695
0.040738	3.01995e-09	2.49513
0.0412098	3.01995e-09	2.6608
0.0416869	2.88403e-09	2.60658
0.0421697	2.75423e-09	2.53488
0.042658	2.63027e-09	2.48232
0.0431519	2.63027e-09	2.64729
0.0436516	2.51189e-09	2.59203
0.044157	2.39883e-09	2.52257
0.0446684	2.29087e-09	2.47224
0.0451856	2.29087e-09	2.63565
0.0457088	2.18776e-09	2.58605
0.0462381	2.0893e-09	2.51692
0.0467735	1.99526e-09	2.46467
0.0473151	1.99526e-09	2.63199
0.047863	1.90546e-09	2.5829
0.0484172	1.8197e-09	2.5144
0.0489779	1.7378e-09	2.46592
0.049545	1.7378e-09	2.63371
0.0501187	1.65959e-09	2.56762
0.0506991	1.58489e-09	2.51771
0.0512861	1.51356e-09	2.45577
0.05188	1.51356e-09	2.6382
0.0524807	1.44544e-09	2.57404
0.0530884	1.38038e-09	2.51293
0.0537032	1.31826e-09	2.46414
0.054325	1.31826e-09	2.63742
0.0549541	1.25893e-09	2.58923
0.0555904	1.20226e-09	2.52996
0.0562341	1.14815e-09	2.47034
0.0568853	1.14815e-09	2.65871
0.057544	1.09648e-09	2.59739
0.0582103	1.04713e-09	2.53934
0.0588844	1e-09	2.4947
0.0595662	1e-09	2.67352
0.060256	9.54993e-10	2.61496
0.0609537	9.12011e-10	2.56847
0.0616595	8.70964e-10	2.51328
0.0623735	8.31764e-10	2.45969
0.0630957	8.31764e-10	2.64186
0.0638263	7.94328e-10	2.59546
0.0645654	7.58578e-10	2.54187
0.0653131	7.24436e-10	2.49164
0.0660693	6.91831e-10	2.44205
0.0668344	6.91831e-10	2.63333
0.0676083	6.60693e-10	2.58262
0.0683912	6.30957e-10	2.53232
0.0691831	6.0256e-10	2.4844
0.0699842	5.7544e-10	2.44439
0.0707946	5.7544e-10	2.63001
0.0716143	5.49541e-10	2.58255
0.0724436	5.24807e-10	2.53585
0.0732825	5.01187e-10	2.49008
0.074131	4.7863e-10	2.44732
0.0749894	4.7863e-10	2.64124
0.0758578	4.57088e-10	2.5963
0.0767361	4.36516e-10	2.55161
0.0776247	4.16869e-10	2.5098
0.0785236	3.98107e-10	2.46865
0.0794328	3.98107e-10	2.66254
0.0803526	3.80189e-10	2.61982
0.0812831	3.63078e-10	2.57829
0.0822243	3.46737e-10	2.53794
0.0831764	3.31131e-10	2.49942
0.0841395	3.16228e-10	2.46238
0.0851138	3.16228e-10	2.65933
0.0860994	3.01995e-10	2.6201
0.0870964	2.88403e-10	2.58237
0.0881049	2.75423e-10	2.54607
0.0891251	2.63027e-10	2.51053
0.0901571	2.51189e-10	2.47681
0.0912011	2.39883e-10	2.44453
0.0922571	2.39883e-10	2.64656
0.0933254	2.29087e-10	2.61487
0.0944061	2.18776e-10	2.58584
0.0954993	2.0893e-10	2.56136
0.0966051	1.99526e-10	2.5426
0.0977237	1.90546e-10	2.53652
0.0988553	1.8197e-10	2.56872
#0.1	8.31764e-13	2.55833
0.101158	1.7378e-10	2.48615
0.102329	1.65959e-10	2.45129
0.103514	1.65959e-10	2.65063
0.104713	1.58489e-10	2.61413
0.105925	1.51356e-10	2.57843
0.107152	1.44544e-10	2.54204
0.108393	1.38038e-10	2.50776
0.109648	1.31826e-10	2.47418
0.110917	1.25893e-10	2.44099
0.112202	1.25893e-10	2.63999
0.113501	1.20226e-10	2.60488
0.114815	1.14815e-10	2.57077
0.116145	1.09648e-10	2.53631
0.11749	1.04713e-10	2.50325
0.11885	1e-10	2.47096
0.120226	1e-10	2.67339
0.121619	9.54993e-11	2.63912
0.123027	9.12011e-11	2.60469
0.124451	8.70964e-11	2.57145
0.125893	8.31764e-11	2.53915
0.12735	7.94328e-11	2.50638
0.128825	7.58578e-11	2.47492
0.130317	7.24436e-11	2.44313
0.131826	7.24436e-11	2.64579
0.133352	6.91831e-11	2.61184
0.134896	6.60693e-11	2.57985
0.136458	6.30957e-11	2.54722
0.138038	6.0256e-11	2.51505
0.139637	5.7544e-11	2.48436
0.141254	5.49541e-11	2.45327
0.142889	5.49541e-11	2.65728
0.144544	5.24807e-11	2.62414
0.146218	5.01187e-11	2.59148
0.147911	4.7863e-11	2.56031
0.149624	4.57088e-11	2.52837
0.151356	4.36516e-11	2.49705
0.153109	4.16869e-11	2.46608
0.154882	4.16869e-11	2.67156
0.156675	3.98107e-11	2.63842
0.158489	3.80189e-11	2.60567
0.160325	3.63078e-11	2.57335
0.162181	3.46737e-11	2.5414
0.164059	3.31131e-11	2.50981
0.165959	3.16228e-11	2.47956
0.16788	3.01995e-11	2.44867
0.169824	3.01995e-11	2.65131
0.171791	2.88403e-11	2.61804
0.17378	2.75423e-11	2.58512
0.175792	2.63027e-11	2.55252
0.177828	2.51189e-11	2.52013
0.179887	2.39883e-11	2.4881
0.18197	2.29087e-11	2.45625
0.184077	2.29087e-11	2.65767
0.186209	2.18776e-11	2.62333
0.188365	2.0893e-11	2.58914
0.190546	1.99526e-11	2.55523
0.192752	1.90546e-11	2.52148
0.194984	1.8197e-11	2.48796
0.197242	1.7378e-11	2.45385
0.199526	1.7378e-11	2.6542
0.201837	1.65959e-11	2.61794
0.204174	1.58489e-11	2.58116
0.206538	1.51356e-11	2.54522
0.20893	1.44544e-11	2.50936
0.211349	1.38038e-11	2.47305
0.213796	1.38038e-11	2.67257
0.216272	1.31826e-11	2.63304
0.218776	1.25893e-11	2.59413
0.221309	1.20226e-11	2.55484
0.223872	1.14815e-11	2.51607
0.226464	1.09648e-11	2.47696
0.229087	1.09648e-11	2.67316
0.231739	1.04713e-11	2.63081
0.234423	1e-11	2.58821
0.237137	9.54993e-12	2.5457
0.239883	9.12011e-12	2.50346
0.242661	8.70964e-12	2.46112
0.245471	8.70964e-12	2.65223
0.248313	8.31764e-12	2.60605
0.251189	7.94328e-12	2.56004
0.254097	7.58578e-12	2.51417
0.25704	7.24436e-12	2.46843
0.260016	7.24436e-12	2.65662
0.263027	6.91831e-12	2.60699
0.266073	6.60693e-12	2.55782
0.269153	6.30957e-12	2.50935
0.27227	6.0256e-12	2.46188
0.275423	6.0256e-12	2.64898
0.278612	5.7544e-12	2.60097
0.281838	5.49541e-12	2.55669
0.285102	5.24807e-12	2.51846
0.288403	5.01187e-12	2.4909
0.291743	4.7863e-12	2.48488
0.295121	4.57088e-12	2.53517
0.298538	4.16869e-12	2.63904
0.301995	4.7863e-12	2.44594
0.305492	4.7863e-12	2.58911
0.30903	4.57088e-12	2.4955
0.312608	4.57088e-12	2.63273
0.316228	4.36516e-12	2.52826
0.31989	4.36516e-12	2.65657
0.323594	4.16869e-12	2.53984
0.327341	4.16869e-12	2.65561
0.331131	3.98107e-12	2.52496
0.334965	3.98107e-12	2.62369
0.338844	3.80189e-12	2.47704
0.342768	3.80189e-12	2.55305
0.346737	3.80189e-12	2.61797
0.350752	3.80189e-12	2.66821
0.354813	3.63078e-12	2.46175
0.358922	3.63078e-12	2.46731
0.363078	3.63078e-12	2.44322
0.367282	3.80189e-12	2.60965
0.371535	3.80189e-12	2.48246
0.375837	3.98107e-12	2.49271
0.380189	4.36516e-12	2.55373
0.384592	5.24807e-12	2.57982
0.389045	1e-05	1
0.39355	1e-05	1
0.398107	1e-05	1
0.402717	1e-05	1
0.40738	1e-05	1
0.412098	1e-05	1
0.416869	1e-05	1
0.421697	1e-05	1
0.42658	1e-05	1
0.431519	1e-05	1
0.436516	1e-05	1
0.44157	1e-05	1
0.446684	1e-05	1
0.451856	1e-05	1
0.457088	1e-05	1
0.462381	1e-05	1
0.467735	1e-05	1
0.473151	1e-05	1
0.47863	1e-05	1
0.484172	1e-05	1
0.489779	1e-05	1
0.49545	1e-05	1
0.501187	1e-05	1
0.506991	1e-05	1
0.512861	1e-05	1
0.5188	1e-05	1
0.524807	1e-05	1
0.530884	1e-05	1
0.537032	1e-05	1
0.54325	1e-05	1
0.549541	1e-05	1
0.555904	1e-05	1
0.562341	1e-05	1
0.568853	1e-05	1
0.57544	1e-05	1
0.582103	1e-05	1
0.588844	1e-05	1
0.595662	1e-05	1
0.60256	1e-05	1
0.609537	1e-05	1
0.616595	1e-05	1
0.623735	1e-05	1
0.630957	1e-05	1
