0.01	0.01	1
0.0100786	0.01	1
0.0101578	0.01	1
0.0102376	0.01	1
0.0103181	0.01	1
0.0103992	0.01	1
0.0104809	0.01	1
0.0105633	0.01	1
0.0106463	0.01	1
0.01073	0.01	1
0.0108143	0.01	1
0.0108993	0.01	1
0.010985	0.01	1
0.0110713	0.01	1
0.0111584	0.01	1
0.011246	0.01	1
0.0113344	0.01	1
0.0114235	0.01	1
0.0115133	0.01	1
0.0116038	0.01	1
0.011695	0.01	1
0.0117869	0.01	1
0.0118796	0.01	1
0.0119729	0.01	1
0.012067	0.01	1
0.0121619	0.01	1
0.0122574	0.01	1
0.0123538	0.01	1
0.0124509	0.01	1
0.0125487	0.01	1
0.0126474	0.01	1
0.0127468	0.01	1
0.0128469	0.01	1
0.0129479	0.01	1
0.0130497	0.01	1
0.0131522	0.01	1
0.0132556	0.01	1
0.0133598	0.01	1
0.0134648	0.01	1
0.0135706	0.01	1
0.0136773	0.01	1
0.0137848	0.01	1
0.0138931	0.01	1
0.0140023	0.01	1
0.0141124	0.01	1
0.0142233	0.01	1
0.0143351	0.01	1
0.0144477	0.01	1
0.0145613	0.01	1
0.0146757	0.01	1
0.0147911	0.01	1
0.0149073	0.01	1
0.0150245	0.01	1
0.0151426	0.01	1
0.0152616	0.01	1
0.0153815	0.01	1
0.0155024	0.01	1
0.0156243	0.01	1
0.0157471	0.01	1
0.0158708	0.01	1
0.0159956	0.01	1
0.0161213	0.01	1
0.016248	0.01	1
0.0163757	0.01	1
0.0165044	0.01	1
0.0166341	0.01	1
0.0167649	0.01	1
0.0168966	0.01	1
0.0170294	0.01	1
0.0171633	0.01	1
0.0172982	0.01	1
0.0174341	0.01	1
0.0175711	0.01	1
0.0177092	0.01	1
0.0178484	0.01	1
0.0179887	0.01	1
0.0181301	0.01	1
0.0182726	0.01	1
0.0184162	0.01	1
0.0185609	0.01	1
0.0187068	0.01	1
0.0188538	0.01	1
0.019002	0.01	1
0.0191514	0.01	1
0.0193019	0.01	1
0.0194536	0.01	1
0.0196065	0.01	1
0.0197606	0.01	1
0.0199159	0.01	1
0.0200724	0.01	1
0.0202302	0.01	1
0.0203892	0.01	1
0.0205494	0.01	1
0.0207109	0.01	1
0.0208737	0.01	1
0.0210378	0.01	1
0.0212031	0.01	1
0.0213698	0.01	1
0.0215377	0.01	1
0.021707	0.01	1
0.0218776	0.01	1
0.0220496	0.01	1
0.0222229	0.01	1
0.0223975	0.01	1
0.0225736	0.01	1
0.022751	0.01	1
0.0229298	0.01	1
0.02311	0.01	1
0.0232916	0.01	1
0.0234747	0.01	1
0.0236592	0.01	1
0.0238451	0.01	1
0.0240326	0.01	1
0.0242214	0.01	1
0.0244118	0.01	1
0.0246037	0.01	1
0.024797	0.01	1
0.0249919	0.01	1
0.0251884	0.01	1
0.0253863	0.01	1
0.0255859	0.01	1
0.025787	0.01	1
0.0259896	0.01	1
0.0261939	0.01	1
0.0263998	0.01	1
0.0266073	0.01	1
0.0268164	0.01	1
0.0270271	0.01	1
0.0272396	0.01	1
0.0274536	0.01	1
0.0276694	0.01	1
0.0278869	0.01	1
0.0281061	0.01	1
0.028327	0.01	1
0.0285496	0.01	1
0.028774	0.01	1
0.0290001	0.01	1
0.0292281	0.01	1
0.0294578	0.01	1
0.0296893	0.01	1
0.0299226	0.01	1
0.0301578	0.01	1
0.0303948	0.01	1
0.0306337	0.01	1
0.0308745	0.01	1
0.0311172	0.01	1
0.0313617	0.01	1
0.0316082	0.01	1
0.0318566	0.01	1
0.032107	0.01	1
0.0323594	0.01	1
0.0326137	0.01	1
0.03287	0.01	1
0.0331284	0.01	1
0.0333887	0.01	1
0.0336512	0.01	1
0.0339156	0.01	1
0.0341822	0.01	1
0.0344509	0.01	1
0.0347216	0.01	1
0.0349945	0.01	1
0.0352696	0.01	1
0.0355468	0.01	1
0.0358261	0.01	1
0.0361077	0.01	1
0.0363915	0.01	1
0.0366775	0.01	1
0.0369658	0.01	1
0.0372563	0.01	1
0.0375491	0.01	1
0.0378443	0.01	1
0.0381417	0.01	1
0.0384415	0.01	1
0.0387436	0.01	1
0.0390481	0.01	1
0.039355	0.01	1
0.0396643	0.01	1
0.0399761	0.01	1
0.0402903	0.01	1
0.0406069	0.01	1
0.0409261	0.01	1
0.0412477	0.01	1
0.0415719	0.01	1
0.0418986	0.01	1
0.042228	0.01	1
0.0425598	0.01	1
0.0428943	0.01	1
0.0432315	0.01	1
0.0435712	0.01	1
0.0439137	0.01	1
0.0442588	0.01	1
0.0446067	0.01	1
0.0449573	0.01	1
0.0453106	0.01	1
0.0456667	0.01	1
0.0460257	0.01	1
0.0463874	0.01	1
0.046752	0.01	1
0.0471194	0.01	1
0.0474898	0.01	1
0.047863	0.01	1
0.0482392	0.01	1
0.0486183	0.01	1
0.0490004	0.01	1
0.0493856	0.01	1
0.0497737	0.01	1
0.0501649	0.01	1
0.0505592	0.01	1
0.0509565	0.01	1
0.051357	0.01	1
0.0517607	0.01	1
0.0521675	0.01	1
0.0525775	0.01	1
0.0529907	0.01	1
0.0534072	0.01	1
0.053827	0.01	1
0.05425	0.01	1
0.0546764	0.01	1
0.0551061	0.01	1
0.0555392	0.01	1
0.0559758	0.01	1
0.0564157	0.01	1
0.0568591	0.01	1
0.057306	0.01	1
0.0577564	0.01	1
0.0582103	0.01	1
0.0586678	0.01	1
0.0591289	0.01	1
0.0595937	0.01	1
0.060062	0.01	1
0.0605341	0.01	1
0.0610099	0.01	1
0.0614894	0.01	1
0.0619726	0.01	1
0.0624597	0.01	1
0.0629506	0.01	1
0.0634454	0.01	1
0.063944	0.01	1
0.0644466	0.01	1
0.0649531	0.01	1
0.0654636	0.01	1
0.0659781	0.01	1
0.0664967	0.01	1
0.0670193	0.01	1
0.0675461	0.01	1
0.0680769	0.01	1
0.068612	0.01	1
0.0691512	0.01	1
0.0696947	0.01	1
0.0702425	0.01	1
0.0707946	0.01	1
0.071351	0.01	1
0.0719118	0.01	1
0.072477	0.01	1
0.0730466	0.01	1
0.0736207	0.01	1
0.0741993	0.01	1
0.0747825	0.01	1
0.0753703	0.01	1
0.0759626	0.01	1
0.0765597	0.01	1
0.0771614	0.01	1
0.0777678	0.01	1
0.0783791	0.01	1
0.0789951	0.01	1
0.0796159	0.01	1
0.0802417	0.01	1
0.0808723	0.01	1
0.081508	0.01	1
0.0821486	0.01	1
0.0827942	0.01	1
0.0834449	0.01	1
0.0841008	0.01	1
0.0847618	0.01	1
0.085428	0.01	1
0.0860994	0.01	1
0.0867761	0.01	1
0.0874581	0.01	1
0.0881455	0.01	1
0.0888383	0.01	1
0.0895365	0.01	1
0.0902402	0.01	1
0.0909494	0.01	1
0.0916643	0.01	1
0.0923847	0.01	1
0.0931108	0.01	1
0.0938426	0.01	1
0.0945802	0.01	1
0.0953235	0.01	1
0.0960727	0.01	1
0.0968278	0.01	1
0.0975888	0.01	1
0.0983558	0.01	1
0.0991288	0.01	1
0.0999079	0.01	1
0.100693	0.01	1
0.101485	0.01	1
0.102282	0.01	1
0.103086	0.01	1
0.103896	0.01	1
0.104713	0.01	1
0.105536	0.01	1
0.106365	0.01	1
0.107201	0.01	1
0.108044	0.01	1
0.108893	0.01	1
0.109749	0.01	1
0.110611	0.01	1
0.111481	0.01	1
0.112357	0.01	1
0.11324	0.01	1
0.11413	0.01	1
0.115027	0.01	1
0.115931	0.01	1
0.116842	0.01	1
0.117761	0.01	1
0.118686	0.01	1
0.119619	0.01	1
0.120559	0.01	1
0.121507	0.01	1
0.122462	0.01	1
0.123424	0.01	1
0.124394	0.01	1
0.125372	0.01	1
0.126357	0.01	1
0.12735	0.01	1
0.128351	0.01	1
0.12936	0.01	1
0.130377	0.01	1
0.131401	0.01	1
0.132434	0.01	1
0.133475	0.01	1
0.134524	0.01	1
0.135581	0.01	1
0.136647	0.01	1
0.137721	0.01	1
0.138803	0.01	1
0.139894	0.01	1
0.140994	1e-07	2.65252
0.142102	5.24807e-08	2.47156
0.143219	3.63078e-08	2.53219
0.144344	2.75423e-08	2.55379
0.145479	2.18776e-08	2.52085
0.146622	1.8197e-08	2.53503
0.147775	1.58489e-08	2.65482
0.148936	1.31826e-08	2.44067
0.150107	1.20226e-08	2.61843
0.151286	1.04713e-08	2.50375
0.152475	9.54993e-09	2.57562
0.153674	8.70964e-09	2.60806
0.154882	7.94328e-09	2.60601
0.156099	7.24436e-09	2.57356
0.157326	6.60693e-09	2.51758
0.158562	6.0256e-09	2.44176
0.159809	5.7544e-09	2.57714
0.161065	5.24807e-09	2.4632
0.16233	5.01187e-09	2.56692
0.163606	4.7863e-09	2.66061
0.164892	4.36516e-09	2.50282
0.166188	4.16869e-09	2.56921
0.167494	3.98107e-09	2.62764
0.168811	3.63078e-09	2.44185
0.170137	3.46737e-09	2.47879
0.171475	3.31131e-09	2.50924
0.172822	3.16228e-09	2.53265
0.174181	3.01995e-09	2.54851
0.17555	2.88403e-09	2.55884
0.176929	2.75423e-09	2.56314
0.17832	2.63027e-09	2.56095
0.179721	2.51189e-09	2.55428
0.181134	2.39883e-09	2.54185
0.182558	2.29087e-09	2.52562
0.183992	2.18776e-09	2.50513
0.185439	2.0893e-09	2.47995
0.186896	1.99526e-09	2.45195
0.188365	1.99526e-09	2.6534
0.189845	1.90546e-09	2.61585
0.191337	1.8197e-09	2.5746
0.192841	1.7378e-09	2.5315
0.194357	1.65959e-09	2.48534
0.195884	1.65959e-09	2.67306
0.197424	1.58489e-09	2.61831
0.198976	1.51356e-09	2.56262
0.20054	1.44544e-09	2.50482
0.202116	1.38038e-09	2.4459
0.203704	1.38038e-09	2.61695
0.205305	1.31826e-09	2.55056
0.206919	1.25893e-09	2.48427
0.208545	1.25893e-09	2.65017
0.210184	1.20226e-09	2.57623
0.211836	1.14815e-09	2.50293
0.213501	1.14815e-09	2.66357
0.215179	1.09648e-09	2.58314
0.21687	1.04713e-09	2.50384
0.218575	1.04713e-09	2.65858
0.220293	1e-09	2.57268
0.222024	9.54993e-10	2.48785
0.223769	9.54993e-10	2.6367
0.225528	9.12011e-10	2.54634
0.2273	8.70964e-10	2.4575
0.229087	8.70964e-10	2.59893
0.230887	8.31764e-10	2.5056
0.232702	8.31764e-10	2.64653
0.234531	7.94328e-10	2.5479
0.236374	7.58578e-10	2.4515
0.238232	7.58578e-10	2.58482
0.240104	7.24436e-10	2.48415
0.241991	7.24436e-10	2.61668
0.243893	6.91831e-10	2.51193
0.24581	6.91831e-10	2.64254
0.247742	6.60693e-10	2.53396
0.249689	6.60693e-10	2.6628
0.251652	6.30957e-10	2.55061
0.25363	6.0256e-10	2.44183
0.255623	6.0256e-10	2.56185
0.257632	5.7544e-10	2.44997
0.259657	5.7544e-10	2.56766
0.261698	5.49541e-10	2.45292
0.263755	5.49541e-10	2.56801
0.265828	5.24807e-10	2.45065
0.267917	5.24807e-10	2.56291
0.270023	5.01187e-10	2.44294
0.272145	5.01187e-10	2.55214
0.274284	5.01187e-10	2.66478
0.276439	4.7863e-10	2.53619
0.278612	4.7863e-10	2.64525
0.280802	4.57088e-10	2.51485
0.283009	4.57088e-10	2.61992
0.285233	4.36516e-10	2.48801
0.287475	4.36516e-10	2.58922
0.289734	4.16869e-10	2.45605
0.292012	4.16869e-10	2.55289
0.294307	4.16869e-10	2.65211
0.29662	3.98107e-10	2.51127
0.298951	3.98107e-10	2.60573
0.301301	3.80189e-10	2.46423
0.303669	3.80189e-10	2.55373
0.306055	3.80189e-10	2.64471
0.308461	3.63078e-10	2.49636
0.310885	3.63078e-10	2.58193
0.313329	3.63078e-10	2.66856
0.315791	3.46737e-10	2.51369
0.318273	3.46737e-10	2.59434
0.320775	3.31131e-10	2.4402
0.323296	3.31131e-10	2.51473
0.325837	3.31131e-10	2.58953
0.328398	3.31131e-10	2.66439
0.330979	3.16228e-10	2.49813
0.33358	3.16228e-10	2.56602
0.336202	3.16228e-10	2.63341
0.338844	3.01995e-10	2.46251
0.341507	3.01995e-10	2.52247
0.344191	3.01995e-10	2.58134
0.346897	3.01995e-10	2.63888
0.349623	2.88403e-10	2.45772
0.352371	2.88403e-10	2.50707
0.35514	2.88403e-10	2.55447
0.357932	2.88403e-10	2.59964
0.360745	2.88403e-10	2.64229
0.36358	2.75423e-10	2.44612
0.366438	2.75423e-10	2.47957
0.369318	2.75423e-10	2.50987
0.37222	2.75423e-10	2.53668
0.375146	2.75423e-10	2.55969
0.378094	2.75423e-10	2.57857
0.381066	2.75423e-10	2.59297
0.384061	2.75423e-10	2.60254
0.387079	2.75423e-10	2.60694
0.390122	2.75423e-10	2.6058
0.393188	2.75423e-10	2.59879
0.396278	2.75423e-10	2.58554
0.399393	2.75423e-10	2.56571
0.402532	2.75423e-10	2.53898
0.405695	2.75423e-10	2.50502
0.408884	2.75423e-10	2.46356
0.412098	2.88403e-10	2.64726
0.415336	2.88403e-10	2.58451
0.418601	2.88403e-10	2.51279
0.421891	3.01995e-10	2.6666
0.425207	3.01995e-10	2.56794
0.428549	3.01995e-10	2.45924
0.431917	3.16228e-10	2.56646
0.435311	3.31131e-10	2.6599
0.438733	3.31131e-10	2.49462
0.442181	3.46737e-10	2.54268
0.445656	3.63078e-10	2.56542
0.449159	3.80189e-10	2.55799
0.452689	3.98107e-10	2.51553
0.456247	4.36516e-10	2.66814
0.459833	4.57088e-10	2.53009
0.463447	5.01187e-10	2.56677
0.467089	5.49541e-10	2.52419
0.47076	6.30957e-10	2.61333
0.47446	7.24436e-10	2.55973
0.478189	8.70964e-10	2.53763
0.481948	1.14815e-09	2.66666
0.485736	1.58489e-09	2.44631
0.489553	3.01995e-09	2.47385
0.493401	0.01	1
0.497279	0.01	1
