0.01	0.01	1
0.0100786	0.01	1
0.0101578	0.01	1
0.0102376	0.01	1
0.0103181	0.01	1
0.0103992	0.01	1
0.0104809	0.01	1
0.0105633	0.01	1
0.0106463	0.01	1
0.01073	0.01	1
0.0108143	0.01	1
0.0108993	0.01	1
0.010985	0.01	1
0.0110713	0.01	1
0.0111584	0.01	1
0.011246	0.01	1
0.0113344	0.01	1
0.0114235	0.01	1
0.0115133	0.01	1
0.0116038	0.01	1
0.011695	0.01	1
0.0117869	0.01	1
0.0118796	0.01	1
0.0119729	0.01	1
0.012067	0.01	1
0.0121619	0.01	1
0.0122574	0.01	1
0.0123538	0.01	1
0.0124509	0.01	1
0.0125487	0.01	1
0.0126474	0.01	1
0.0127468	0.01	1
0.0128469	0.01	1
0.0129479	0.01	1
0.0130497	0.01	1
0.0131522	0.01	1
0.0132556	0.01	1
0.0133598	0.01	1
0.0134648	0.01	1
0.0135706	0.01	1
0.0136773	0.01	1
0.0137848	0.01	1
0.0138931	0.01	1
0.0140023	0.01	1
0.0141124	0.01	1
0.0142233	0.01	1
0.0143351	0.01	1
0.0144477	0.01	1
0.0145613	0.01	1
0.0146757	0.01	1
0.0147911	0.01	1
0.0149073	0.01	1
0.0150245	0.01	1
0.0151426	0.01	1
0.0152616	0.01	1
0.0153815	0.01	1
0.0155024	0.01	1
0.0156243	0.01	1
0.0157471	0.01	1
0.0158708	0.01	1
0.0159956	0.01	1
0.0161213	0.01	1
0.016248	0.01	1
0.0163757	0.01	1
0.0165044	0.01	1
0.0166341	0.01	1
0.0167649	0.01	1
0.0168966	0.01	1
0.0170294	0.01	1
0.0171633	0.01	1
0.0172982	0.01	1
0.0174341	0.01	1
0.0175711	0.01	1
0.0177092	0.01	1
0.0178484	0.01	1
0.0179887	0.01	1
0.0181301	0.01	1
0.0182726	0.01	1
0.0184162	0.01	1
0.0185609	0.01	1
0.0187068	0.01	1
0.0188538	0.01	1
0.019002	0.01	1
0.0191514	0.01	1
0.0193019	0.01	1
0.0194536	0.01	1
0.0196065	0.01	1
0.0197606	0.01	1
0.0199159	0.01	1
0.0200724	0.01	1
0.0202302	0.01	1
0.0203892	0.01	1
0.0205494	0.01	1
0.0207109	0.01	1
0.0208737	0.01	1
0.0210378	0.01	1
0.0212031	0.01	1
0.0213698	0.01	1
0.0215377	0.01	1
0.021707	0.01	1
0.0218776	0.01	1
0.0220496	0.01	1
0.0222229	0.01	1
0.0223975	0.01	1
0.0225736	0.01	1
0.022751	0.01	1
0.0229298	0.01	1
0.02311	0.01	1
0.0232916	0.01	1
0.0234747	0.01	1
0.0236592	0.01	1
0.0238451	0.01	1
0.0240326	0.01	1
0.0242214	0.01	1
0.0244118	0.01	1
0.0246037	0.01	1
0.024797	0.01	1
0.0249919	0.01	1
0.0251884	0.01	1
0.0253863	0.01	1
0.0255859	0.01	1
0.025787	0.01	1
0.0259896	0.01	1
0.0261939	0.01	1
0.0263998	0.01	1
0.0266073	0.01	1
0.0268164	0.01	1
0.0270271	0.01	1
0.0272396	0.01	1
0.0274536	0.01	1
0.0276694	0.01	1
0.0278869	0.01	1
0.0281061	0.01	1
0.028327	0.01	1
0.0285496	0.01	1
0.028774	0.01	1
0.0290001	0.01	1
0.0292281	0.01	1
0.0294578	0.01	1
0.0296893	0.01	1
0.0299226	0.01	1
0.0301578	0.01	1
0.0303948	0.01	1
0.0306337	0.01	1
0.0308745	0.01	1
0.0311172	0.01	1
0.0313617	0.01	1
0.0316082	0.01	1
0.0318566	0.01	1
0.032107	0.01	1
0.0323594	0.01	1
0.0326137	0.01	1
0.03287	0.01	1
0.0331284	0.01	1
0.0333887	0.01	1
0.0336512	0.01	1
0.0339156	0.01	1
0.0341822	0.01	1
0.0344509	0.01	1
0.0347216	0.01	1
0.0349945	0.01	1
0.0352696	0.01	1
0.0355468	0.01	1
0.0358261	0.01	1
0.0361077	0.01	1
0.0363915	0.01	1
0.0366775	0.01	1
0.0369658	0.01	1
0.0372563	0.01	1
0.0375491	0.01	1
0.0378443	0.01	1
0.0381417	0.01	1
0.0384415	0.01	1
0.0387436	0.01	1
0.0390481	0.01	1
0.039355	0.01	1
0.0396643	0.01	1
0.0399761	0.01	1
0.0402903	0.01	1
0.0406069	0.01	1
0.0409261	0.01	1
0.0412477	0.01	1
0.0415719	0.01	1
0.0418986	0.01	1
0.042228	0.01	1
0.0425598	0.01	1
0.0428943	0.01	1
0.0432315	0.01	1
0.0435712	0.01	1
0.0439137	0.01	1
0.0442588	0.01	1
0.0446067	0.01	1
0.0449573	0.01	1
0.0453106	0.01	1
0.0456667	0.01	1
0.0460257	0.01	1
0.0463874	0.01	1
0.046752	0.01	1
0.0471194	0.01	1
0.0474898	0.01	1
0.047863	0.01	1
0.0482392	0.01	1
0.0486183	0.01	1
0.0490004	0.01	1
0.0493856	0.01	1
0.0497737	0.01	1
0.0501649	0.01	1
0.0505592	0.01	1
0.0509565	0.01	1
0.051357	0.01	1
0.0517607	0.01	1
0.0521675	0.01	1
0.0525775	0.01	1
0.0529907	0.01	1
0.0534072	0.01	1
0.053827	0.01	1
0.05425	0.01	1
0.0546764	0.01	1
0.0551061	0.01	1
0.0555392	0.01	1
0.0559758	0.01	1
0.0564157	0.01	1
0.0568591	0.01	1
0.057306	0.01	1
0.0577564	0.01	1
0.0582103	0.01	1
0.0586678	0.01	1
0.0591289	0.01	1
0.0595937	0.01	1
0.060062	0.01	1
0.0605341	0.01	1
0.0610099	0.01	1
0.0614894	0.01	1
0.0619726	0.01	1
0.0624597	0.01	1
0.0629506	0.01	1
0.0634454	0.01	1
0.063944	0.01	1
0.0644466	0.01	1
0.0649531	0.01	1
0.0654636	0.01	1
0.0659781	0.01	1
0.0664967	0.01	1
0.0670193	0.01	1
0.0675461	0.01	1
0.0680769	0.01	1
0.068612	0.01	1
0.0691512	0.01	1
0.0696947	0.01	1
0.0702425	0.01	1
0.0707946	0.01	1
0.071351	0.01	1
0.0719118	0.01	1
0.072477	0.01	1
0.0730466	0.01	1
0.0736207	0.01	1
0.0741993	0.01	1
0.0747825	0.01	1
0.0753703	0.01	1
0.0759626	0.01	1
0.0765597	0.01	1
0.0771614	0.01	1
0.0777678	0.01	1
0.0783791	0.01	1
0.0789951	0.01	1
0.0796159	0.01	1
0.0802417	0.01	1
0.0808723	0.01	1
0.081508	0.01	1
0.0821486	0.01	1
0.0827942	0.01	1
0.0834449	0.01	1
0.0841008	0.01	1
0.0847618	0.01	1
0.085428	0.01	1
0.0860994	0.01	1
0.0867761	0.01	1
0.0874581	0.01	1
0.0881455	0.01	1
0.0888383	0.01	1
0.0895365	0.01	1
0.0902402	0.01	1
0.0909494	0.01	1
0.0916643	0.01	1
0.0923847	0.01	1
0.0931108	0.01	1
0.0938426	0.01	1
0.0945802	0.01	1
0.0953235	0.01	1
0.0960727	0.01	1
0.0968278	0.01	1
0.0975888	0.01	1
0.0983558	0.01	1
0.0991288	0.01	1
0.0999079	0.01	1
0.100693	0.01	1
0.101485	0.01	1
0.102282	0.01	1
0.103086	0.01	1
0.103896	0.01	1
0.104713	0.01	1
0.105536	0.01	1
0.106365	0.01	1
0.107201	0.01	1
0.108044	0.01	1
0.108893	0.01	1
0.109749	0.01	1
0.110611	0.01	1
0.111481	0.01	1
0.112357	0.01	1
0.11324	0.01	1
0.11413	0.01	1
0.115027	0.01	1
0.115931	0.01	1
0.116842	0.01	1
0.117761	0.01	1
0.118686	0.01	1
0.119619	0.01	1
0.120559	0.01	1
0.121507	0.01	1
0.122462	0.01	1
0.123424	0.01	1
0.124394	0.01	1
0.125372	0.01	1
0.126357	0.01	1
0.12735	0.01	1
0.128351	0.01	1
0.12936	0.01	1
0.130377	0.01	1
0.131401	0.01	1
0.132434	0.01	1
0.133475	0.01	1
0.134524	0.01	1
0.135581	0.01	1
0.136647	0.01	1
0.137721	0.01	1
0.138803	0.01	1
0.139894	0.01	1
0.140994	0.01	1
0.142102	0.01	1
0.143219	0.01	1
0.144344	0.01	1
0.145479	0.01	1
0.146622	0.01	1
0.147775	0.01	1
0.148936	0.01	1
0.150107	0.01	1
0.151286	0.01	1
0.152475	0.01	1
0.153674	0.01	1
0.154882	0.01	1
0.156099	0.01	1
0.157326	0.01	1
0.158562	0.01	1
0.159809	0.01	1
0.161065	0.01	1
0.16233	0.01	1
0.163606	0.01	1
0.164892	0.01	1
0.166188	0.01	1
0.167494	0.01	1
0.168811	0.01	1
0.170137	0.01	1
0.171475	0.01	1
0.172822	0.01	1
0.174181	0.01	1
0.17555	0.01	1
0.176929	0.01	1
0.17832	0.01	1
0.179721	0.01	1
0.181134	0.01	1
0.182558	0.01	1
0.183992	0.01	1
0.185439	0.01	1
0.186896	0.01	1
0.188365	0.01	1
0.189845	0.01	1
0.191337	0.01	1
0.192841	0.01	1
0.194357	0.01	1
0.195884	0.01	1
0.197424	0.01	1
0.198976	0.01	1
0.20054	0.01	1
0.202116	0.01	1
0.203704	0.01	1
0.205305	0.01	1
0.206919	0.01	1
0.208545	0.01	1
0.210184	0.01	1
0.211836	0.000199526	2.54108
0.213501	1.58489e-05	2.60492
0.215179	5.7544e-06	2.59308
0.21687	3.01995e-06	2.60765
0.218575	1.8197e-06	2.47272
0.220293	1.25893e-06	2.54699
0.222024	9.12011e-07	2.53344
0.223769	6.91831e-07	2.52841
0.225528	5.49541e-07	2.58933
0.2273	4.36516e-07	2.5181
0.229087	3.63078e-07	2.57827
0.230887	3.01995e-07	2.55393
0.232702	2.51189e-07	2.46077
0.234531	2.18776e-07	2.53861
0.236374	1.90546e-07	2.56801
0.238232	1.65959e-07	2.55204
0.240104	1.44544e-07	2.49844
0.241991	1.31826e-07	2.64714
0.243893	1.14815e-07	2.52667
0.24581	1.04713e-07	2.61576
0.247742	9.12011e-08	2.44648
0.249689	8.31764e-08	2.48708
0.251652	7.58578e-08	2.50872
0.25363	6.91831e-08	2.51132
0.255623	6.30957e-08	2.49795
0.257632	5.7544e-08	2.46891
0.259657	5.49541e-08	2.66033
0.261698	5.01187e-08	2.60046
0.263755	4.57088e-08	2.52893
0.265828	4.16869e-08	2.4487
0.267917	3.98107e-08	2.58765
0.270023	3.63078e-08	2.48414
0.272145	3.46737e-08	2.60424
0.274284	3.16228e-08	2.48116
0.276439	3.01995e-08	2.58332
0.278612	2.75423e-08	2.44425
0.280802	2.63027e-08	2.52816
0.283009	2.51189e-08	2.60728
0.285233	2.29087e-08	2.4451
0.287475	2.18776e-08	2.50698
0.289734	2.0893e-08	2.56429
0.292012	1.99526e-08	2.61545
0.294307	1.90546e-08	2.66156
0.29662	1.7378e-08	2.46432
0.298951	1.65959e-08	2.49608
0.301301	1.58489e-08	2.52284
0.303669	1.51356e-08	2.54386
0.306055	1.44544e-08	2.5599
0.308461	1.38038e-08	2.5711
0.310885	1.31826e-08	2.57659
0.313329	1.25893e-08	2.57727
0.315791	1.20226e-08	2.5733
0.318273	1.14815e-08	2.56388
0.320775	1.09648e-08	2.5503
0.323296	1.04713e-08	2.53184
0.325837	1e-08	2.50869
0.328398	9.54993e-09	2.48151
0.330979	9.12011e-09	2.45049
0.33358	9.12011e-09	2.64831
0.336202	8.70964e-09	2.60564
0.338844	8.31764e-09	2.55909
0.341507	7.94328e-09	2.50868
0.344191	7.58578e-09	2.4551
0.346897	7.58578e-09	2.62999
0.349623	7.24436e-09	2.56434
0.352371	6.91831e-09	2.49599
0.35514	6.91831e-09	2.65917
0.357932	6.60693e-09	2.57845
0.360745	6.30957e-09	2.49586
0.36358	6.30957e-09	2.64362
0.366438	6.0256e-09	2.54846
0.369318	5.7544e-09	2.45216
0.37222	5.7544e-09	2.58151
0.375146	5.49541e-09	2.47323
0.378094	5.49541e-09	2.59232
0.381066	5.24807e-09	2.47218
0.384061	5.24807e-09	2.57929
0.387079	5.01187e-09	2.44778
0.390122	5.01187e-09	2.54086
0.393188	5.01187e-09	2.63009
0.396278	4.7863e-09	2.47562
0.399393	4.7863e-09	2.54769
0.402532	4.7863e-09	2.61309
0.405695	4.7863e-09	2.67125
0.408884	4.57088e-09	2.48141
0.412098	4.57088e-09	2.51763
0.415336	4.57088e-09	2.54371
0.418601	4.57088e-09	2.55863
0.421891	4.57088e-09	2.56067
0.425207	4.57088e-09	2.54916
0.428549	4.57088e-09	2.5228
0.431917	4.57088e-09	2.48067
0.435311	4.7863e-09	2.65491
0.438733	4.7863e-09	2.57058
0.442181	4.7863e-09	2.46633
0.445656	5.01187e-09	2.5672
0.449159	5.24807e-09	2.64041
0.452689	5.24807e-09	2.44169
0.456247	5.7544e-09	2.6697
0.459833	6.0256e-09	2.6091
0.463447	6.30957e-09	2.48711
0.467089	6.91831e-09	2.51924
0.47076	7.58578e-09	2.44945
0.47446	8.70964e-09	2.46979
0.478189	1.04713e-08	2.52015
0.481948	1.31826e-08	2.48508
0.485736	1.90546e-08	2.5714
0.489553	3.63078e-08	2.67411
0.493401	0.01	1
0.497279	0.01	1
