0.01	0.000275423	2.66389
0.0100786	0.000263027	2.54579
0.0101578	0.000263027	2.66756
0.0102376	0.000251189	2.54924
0.0103181	0.000251189	2.67128
0.0103992	0.000239883	2.55287
0.0104809	0.000239883	2.67498
0.0105633	0.000229087	2.55634
0.0106463	0.000218776	2.44283
0.01073	0.000218776	2.55971
0.0108143	0.00020893	2.44594
0.0108993	0.00020893	2.56303
0.010985	0.000199526	2.4492
0.0110713	0.000199526	2.56628
0.0111584	0.000190546	2.45245
0.011246	0.000190546	2.56952
0.0113344	0.00018197	2.45544
0.0114235	0.00018197	2.57277
0.0115133	0.00017378	2.45848
0.0116038	0.00017378	2.57597
0.011695	0.000165959	2.46146
0.0117869	0.000165959	2.57898
0.0118796	0.000158489	2.46438
0.0119729	0.000158489	2.582
0.012067	0.000151356	2.4672
0.0121619	0.000151356	2.58495
0.0122574	0.000144544	2.46998
0.0123538	0.000144544	2.58783
0.0124509	0.000138038	2.47264
0.0125487	0.000138038	2.59058
0.0126474	0.000131826	2.4753
0.0127468	0.000131826	2.59329
0.0128469	0.000125893	2.47787
0.0129479	0.000125893	2.59586
0.0130497	0.000120226	2.48022
0.0131522	0.000120226	2.5984
0.0132556	0.000114815	2.48259
0.0133598	0.000114815	2.60075
0.0134648	0.000109648	2.48488
0.0135706	0.000109648	2.60305
0.0136773	0.000104713	2.48693
0.0137848	0.000104713	2.60522
0.0138931	0.0001	2.48893
0.0140023	0.0001	2.60719
0.0141124	9.54993e-05	2.49078
0.0142233	9.54993e-05	2.60909
0.0143351	9.12011e-05	2.49251
0.0144477	9.12011e-05	2.6108
0.0145613	8.70964e-05	2.49409
0.0146757	8.70964e-05	2.61237
0.0147911	8.31764e-05	2.49548
0.0149073	8.31764e-05	2.61376
0.0150245	7.94328e-05	2.49671
0.0151426	7.94328e-05	2.61497
0.0152616	7.58578e-05	2.49781
0.0153815	7.58578e-05	2.61597
0.0155024	7.24436e-05	2.49866
0.0156243	7.24436e-05	2.61675
0.0157471	6.91831e-05	2.4993
0.0158708	6.91831e-05	2.61735
0.0159956	6.60693e-05	2.49975
0.0161213	6.60693e-05	2.61767
0.016248	6.30957e-05	2.49989
0.0163757	6.30957e-05	2.61771
0.0165044	6.0256e-05	2.4998
0.0166341	6.0256e-05	2.61747
0.0167649	5.7544e-05	2.49947
0.0168966	5.7544e-05	2.61695
0.0170294	5.49541e-05	2.49878
0.0171633	5.49541e-05	2.61608
0.0172982	5.24807e-05	2.49781
0.0174341	5.24807e-05	2.61489
0.0175711	5.01187e-05	2.49648
0.0177092	5.01187e-05	2.61331
0.0178484	4.7863e-05	2.49478
0.0179887	4.7863e-05	2.61132
0.0181301	4.57088e-05	2.49266
0.0182726	4.57088e-05	2.60887
0.0184162	4.36516e-05	2.49014
0.0185609	4.36516e-05	2.60599
0.0187068	4.16869e-05	2.48715
0.0188538	4.16869e-05	2.60262
0.019002	3.98107e-05	2.48365
0.0191514	3.98107e-05	2.59865
0.0193019	3.80189e-05	2.47962
0.0194536	3.80189e-05	2.59415
0.0196065	3.63078e-05	2.47502
0.0197606	3.63078e-05	2.589
0.0199159	3.46737e-05	2.46978
0.0200724	3.46737e-05	2.58315
0.0202302	3.31131e-05	2.46386
0.0203892	3.31131e-05	2.57661
0.0205494	3.16228e-05	2.45722
0.0207109	3.16228e-05	2.56927
0.0208737	3.01995e-05	2.44982
0.0210378	3.01995e-05	2.56104
0.0212031	2.88403e-05	2.44152
0.0213698	2.88403e-05	2.55191
0.0215377	2.88403e-05	2.66701
0.021707	2.75423e-05	2.54179
0.0218776	2.75423e-05	2.65586
0.0220496	2.63027e-05	2.53054
0.0222229	2.63027e-05	2.64348
0.0223975	2.51189e-05	2.51816
0.0225736	2.51189e-05	2.62984
0.022751	2.39883e-05	2.50447
0.0229298	2.39883e-05	2.61482
0.02311	2.29087e-05	2.48938
0.0232916	2.29087e-05	2.59822
0.0234747	2.18776e-05	2.4728
0.0236592	2.18776e-05	2.58001
0.0238451	2.0893e-05	2.45455
0.0240326	2.0893e-05	2.55994
0.0242214	2.0893e-05	2.66934
0.0244118	1.99526e-05	2.53793
0.0246037	1.99526e-05	2.64519
0.024797	1.90546e-05	2.51376
0.0249919	1.90546e-05	2.61864
0.0251884	1.8197e-05	2.48715
0.0253863	1.8197e-05	2.58943
0.0255859	1.7378e-05	2.45794
0.025787	1.7378e-05	2.55738
0.0259896	1.7378e-05	2.65988
0.0261939	1.65959e-05	2.52208
0.0263998	1.65959e-05	2.62111
0.0266073	1.58489e-05	2.48327
0.0268164	1.58489e-05	2.57846
0.0270271	1.51356e-05	2.44047
0.0272396	1.51356e-05	2.53139
0.0274536	1.51356e-05	2.62418
0.0276694	1.44544e-05	2.47945
0.0278869	1.44544e-05	2.56698
0.0281061	1.44544e-05	2.65558
0.028327	1.38038e-05	2.50354
0.0285496	1.38038e-05	2.58564
0.028774	1.38038e-05	2.66784
0.0290001	1.31826e-05	2.50772
0.0292281	1.31826e-05	2.58164
0.0294578	1.31826e-05	2.65425
0.0296893	1.25893e-05	2.48514
0.0299226	1.25893e-05	2.54706
0.0301578	1.25893e-05	2.6056
0.0303948	1.25893e-05	2.65985
0.0306337	1.20226e-05	2.47024
0.0308745	1.20226e-05	2.5083
0.0311172	1.20226e-05	2.53831
0.0313617	1.20226e-05	2.55847
0.0316082	1.20226e-05	2.56626
0.0318566	1.20226e-05	2.55861
0.032107	1.20226e-05	2.53149
0.0323594	1.20226e-05	2.47977
0.0326137	1.25893e-05	2.62728
0.03287	1.25893e-05	2.48885
0.0331284	1.31826e-05	2.50544
0.0333887	1.44544e-05	2.61241
0.0336512	1.65959e-05	2.59965
0.0339156	6.91831e-05	2.47475
0.0341822	6.91831e-05	2.59327
0.0344509	6.60693e-05	2.4818
0.0347216	6.60693e-05	2.60432
0.0349945	6.30957e-05	2.49248
0.0352696	6.30957e-05	2.6121
0.0355468	6.0256e-05	2.50002
0.0358261	6.0256e-05	2.62365
0.0361077	5.7544e-05	2.50785
0.0363915	5.7544e-05	2.63198
0.0366775	5.49541e-05	2.51926
0.0369658	5.49541e-05	2.64406
0.0372563	5.24807e-05	2.52764
0.0375491	5.24807e-05	2.65298
0.0378443	5.01187e-05	2.53958
0.0381417	5.01187e-05	2.66223
0.0384415	4.7863e-05	2.54855
0.0387436	4.7863e-05	2.67517
0.0390481	4.57088e-05	2.55786
0.039355	4.36516e-05	2.44881
0.0396643	4.36516e-05	2.57066
0.0399761	4.16869e-05	2.46118
0.0402903	4.16869e-05	2.58062
0.0406069	3.98107e-05	2.47084
0.0409261	3.98107e-05	2.59403
0.0412477	3.80189e-05	2.48086
0.0415719	3.80189e-05	2.60469
0.0418986	3.63078e-05	2.49414
0.042228	3.63078e-05	2.61573
0.0425598	3.46737e-05	2.50485
0.0428943	3.46737e-05	2.63015
0.0432315	3.31131e-05	2.51595
0.0435712	3.31131e-05	2.64195
0.0439137	3.16228e-05	2.53023
0.0442588	3.16228e-05	2.65419
0.0446067	3.01995e-05	2.54209
0.0449573	3.01995e-05	2.6697
0.0453106	2.88403e-05	2.55438
0.0456667	2.75423e-05	2.44671
0.0460257	2.75423e-05	2.56711
0.0463874	2.63027e-05	2.45905
0.046752	2.63027e-05	2.58287
0.0471194	2.51189e-05	2.47182
0.0474898	2.51189e-05	2.59645
0.047863	2.39883e-05	2.48746
0.0482392	2.39883e-05	2.61051
0.0486183	2.29087e-05	2.50109
0.0490004	2.29087e-05	2.62506
0.0493856	2.18776e-05	2.51519
0.0497737	2.18776e-05	2.6425
0.0501649	2.0893e-05	2.52977
0.0505592	2.0893e-05	2.65801
0.0509565	1.99526e-05	2.54709
0.051357	1.99526e-05	2.67404
0.0517607	1.90546e-05	2.56262
0.0521675	1.8197e-05	2.45387
0.0525775	1.8197e-05	2.57869
0.0529907	1.7378e-05	2.4715
0.0534072	1.7378e-05	2.59529
0.053827	1.65959e-05	2.48759
0.05425	1.65959e-05	2.61244
0.0546764	1.58489e-05	2.50421
0.0551061	1.58489e-05	2.63017
0.0555392	1.51356e-05	2.52138
0.0559758	1.51356e-05	2.65039
0.0564157	1.44544e-05	2.53912
0.0568591	1.44544e-05	2.66923
0.057306	1.38038e-05	2.55742
0.0577564	1.31826e-05	2.45211
0.0582103	1.31826e-05	2.57632
0.0586678	1.25893e-05	2.47041
0.0591289	1.25893e-05	2.59582
0.0595937	1.20226e-05	2.48931
0.060062	1.20226e-05	2.61594
0.0605341	1.14815e-05	2.50879
0.0610099	1.14815e-05	2.63669
0.0614894	1.09648e-05	2.52889
0.0619726	1.09648e-05	2.65962
0.0624597	1.04713e-05	2.54962
0.0629506	1e-05	2.44567
0.0634454	1e-05	2.57098
0.063944	9.54993e-06	2.46637
0.0644466	9.54993e-06	2.593
0.0649531	9.12011e-06	2.4877
0.0654636	9.12011e-06	2.61569
0.0659781	8.70964e-06	2.50967
0.0664967	8.70964e-06	2.63907
0.0670193	8.31764e-06	2.5311
0.0675461	8.31764e-06	2.66315
0.0680769	7.94328e-06	2.55445
0.068612	7.58578e-06	2.45143
0.0691512	7.58578e-06	2.57849
0.0696947	7.24436e-06	2.47471
0.0702425	7.24436e-06	2.60324
0.0707946	6.91831e-06	2.49867
0.071351	6.91831e-06	2.62871
0.0719118	6.60693e-06	2.52334
0.072477	6.60693e-06	2.65492
0.0730466	6.30957e-06	2.54772
0.0736207	6.0256e-06	2.44591
0.0741993	6.0256e-06	2.57384
0.0747825	5.7544e-06	2.47121
0.0753703	5.7544e-06	2.60072
0.0759626	5.49541e-06	2.49722
0.0765597	5.49541e-06	2.62835
0.0771614	5.24807e-06	2.52309
0.0777678	5.24807e-06	2.65677
0.0783791	5.01187e-06	2.5506
0.0789951	4.7863e-06	2.44964
0.0796159	4.7863e-06	2.57889
0.0802417	4.57088e-06	2.47619
0.0808723	4.57088e-06	2.60796
0.081508	4.36516e-06	2.50434
0.0821486	4.36516e-06	2.63697
0.0827942	4.16869e-06	2.53326
0.0834449	4.16869e-06	2.66767
0.0841008	3.98107e-06	2.56215
0.0847618	3.80189e-06	2.46169
0.085428	3.80189e-06	2.59266
0.0860994	3.63078e-06	2.49044
0.0867761	3.63078e-06	2.624
0.0874581	3.46737e-06	2.52077
0.0881455	3.46737e-06	2.65535
0.0888383	3.31131e-06	2.5519
0.0895365	3.16228e-06	2.45182
0.0902402	3.16228e-06	2.58306
0.0909494	3.01995e-06	2.48274
0.0916643	3.01995e-06	2.61585
0.0923847	2.88403e-06	2.5137
0.0931108	2.88403e-06	2.64869
0.0938426	2.75423e-06	2.54625
0.0945802	2.63027e-06	2.44712
0.0953235	2.63027e-06	2.57885
0.0960727	2.51189e-06	2.47865
0.0968278	2.51189e-06	2.6131
0.0975888	2.39883e-06	2.51177
0.0983558	2.39883e-06	2.6474
0.0991288	2.29087e-06	2.54493
0.0999079	2.18776e-06	2.4473
0.100693	2.18776e-06	2.57975
0.101485	2.0893e-06	2.48019
0.102282	2.0893e-06	2.61461
0.103086	1.99526e-06	2.51389
0.103896	1.99526e-06	2.65119
0.104713	1.90546e-06	2.54924
0.105536	1.8197e-06	2.45131
0.106365	1.8197e-06	2.58464
0.107201	1.7378e-06	2.48552
0.108044	1.7378e-06	2.62089
0.108893	1.65959e-06	2.52136
0.109749	1.65959e-06	2.65887
0.110611	1.58489e-06	2.55725
0.111481	1.51356e-06	2.4596
0.112357	1.51356e-06	2.59399
0.11324	1.44544e-06	2.49509
0.11413	1.44544e-06	2.63158
0.115027	1.38038e-06	2.5314
0.115931	1.38038e-06	2.67091
0.116842	1.31826e-06	2.56939
0.117761	1.25893e-06	2.4718
0.118686	1.25893e-06	2.6074
0.119619	1.20226e-06	2.5085
0.120559	1.20226e-06	2.64626
0.121507	1.14815e-06	2.54602
0.122462	1.09648e-06	2.44964
0.123424	1.09648e-06	2.58436
0.124394	1.04713e-06	2.48664
0.125372	1.04713e-06	2.62352
0.126357	1e-06	2.52444
0.12735	1e-06	2.66351
0.128351	9.54993e-07	2.56303
0.12936	9.12011e-07	2.46638
0.130377	9.12011e-07	2.60241
0.131401	8.70964e-07	2.50436
0.132434	8.70964e-07	2.64258
0.133475	8.31764e-07	2.5431
0.134524	7.94328e-07	2.44741
0.135581	7.94328e-07	2.58259
0.136647	7.58578e-07	2.48548
0.137721	7.58578e-07	2.62283
0.138803	7.24436e-07	2.52426
0.139894	7.24436e-07	2.6638
0.140994	6.91831e-07	2.56374
0.142102	6.60693e-07	2.46668
0.143219	6.60693e-07	2.6031
0.144344	6.30957e-07	2.50536
0.145479	6.30957e-07	2.64394
0.146622	6.0256e-07	2.54469
0.147775	5.7544e-07	2.44916
0.148936	5.7544e-07	2.58463
0.150107	5.49541e-07	2.48685
0.151286	5.49541e-07	2.6244
0.152475	5.24807e-07	2.52585
0.153674	5.24807e-07	2.66553
0.154882	5.01187e-07	2.56541
0.156099	4.7863e-07	2.4683
0.157326	4.7863e-07	2.60473
0.158562	4.57088e-07	2.50681
0.159809	4.57088e-07	2.64529
0.161065	4.36516e-07	2.54505
0.16233	4.16869e-07	2.44927
0.163606	4.16869e-07	2.58444
0.164892	3.98107e-07	2.48707
0.166188	3.98107e-07	2.6235
0.167494	3.80189e-07	2.52455
0.168811	3.80189e-07	2.66363
0.170137	3.63078e-07	2.56234
0.171475	3.46737e-07	2.46548
0.172822	3.46737e-07	2.60107
0.174181	3.31131e-07	2.50194
0.17555	3.31131e-07	2.63936
0.176929	3.16228e-07	2.53923
0.17832	3.01995e-07	2.4422
0.179721	3.01995e-07	2.57602
0.181134	2.88403e-07	2.47738
0.182558	2.88403e-07	2.61289
0.183992	2.75423e-07	2.5132
0.185439	2.75423e-07	2.64978
0.186896	2.63027e-07	2.5484
0.188365	2.51189e-07	2.45022
0.189845	2.51189e-07	2.58353
0.191337	2.39883e-07	2.48371
0.192841	2.39883e-07	2.6185
0.194357	2.29087e-07	2.51701
0.195884	2.29087e-07	2.65323
0.197424	2.18776e-07	2.55004
0.198976	2.0893e-07	2.45116
0.20054	2.0893e-07	2.58272
0.202116	1.99526e-07	2.48171
0.203704	1.99526e-07	2.61495
0.205305	1.90546e-07	2.51225
0.206919	1.90546e-07	2.64663
0.208545	1.8197e-07	2.54221
0.210184	1.7378e-07	2.44168
0.211836	1.7378e-07	2.5715
0.213501	1.65959e-07	2.46928
0.215179	1.65959e-07	2.59962
0.21687	1.58489e-07	2.49607
0.218575	1.58489e-07	2.6272
0.220293	1.51356e-07	2.52161
0.222024	1.51356e-07	2.65343
0.223769	1.44544e-07	2.5464
0.225528	1.38038e-07	2.44308
0.2273	1.38038e-07	2.56973
0.229087	1.31826e-07	2.46475
0.230887	1.31826e-07	2.59196
0.232702	1.25893e-07	2.48529
0.234531	1.25893e-07	2.61249
0.236374	1.20226e-07	2.50413
0.238232	1.20226e-07	2.63138
0.240104	1.14815e-07	2.52133
0.241991	1.14815e-07	2.64857
0.243893	1.09648e-07	2.5368
0.24581	1.09648e-07	2.66361
0.247742	1.04713e-07	2.55013
0.249689	1e-07	2.44095
0.251652	1e-07	2.56126
0.25363	9.54993e-08	2.45044
0.255623	9.54993e-08	2.56992
0.257632	9.12011e-08	2.4574
0.259657	9.12011e-08	2.57577
0.261698	8.70964e-08	2.46156
0.263755	8.70964e-08	2.57858
0.265828	8.31764e-08	2.4627
0.267917	8.31764e-08	2.57808
0.270023	7.94328e-08	2.46055
0.272145	7.94328e-08	2.57401
0.274284	7.58578e-08	2.45485
0.276439	7.58578e-08	2.56609
0.278612	7.24436e-08	2.44534
0.280802	7.24436e-08	2.55401
0.283009	7.24436e-08	2.66632
0.285233	6.91831e-08	2.53747
0.287475	6.91831e-08	2.64654
0.289734	6.60693e-08	2.51614
0.292012	6.60693e-08	2.62155
0.294307	6.30957e-08	2.48966
0.29662	6.30957e-08	2.59099
0.298951	6.0256e-08	2.45766
0.301301	6.0256e-08	2.55444
0.303669	6.0256e-08	2.6532
0.306055	5.7544e-08	2.51149
0.308461	5.7544e-08	2.6047
0.310885	5.49541e-08	2.46168
0.313329	5.49541e-08	2.54876
0.315791	5.49541e-08	2.63649
0.318273	5.24807e-08	2.48485
0.320775	5.24807e-08	2.56517
0.323296	5.24807e-08	2.64511
0.325837	5.01187e-08	2.48454
0.328398	5.01187e-08	2.55553
0.330979	5.01187e-08	2.62484
0.33358	4.7863e-08	2.45503
0.336202	4.7863e-08	2.51351
0.338844	4.7863e-08	2.56863
0.341507	4.7863e-08	2.61963
0.344191	4.7863e-08	2.66559
0.346897	4.57088e-08	2.46744
0.349623	4.57088e-08	2.49721
0.352371	4.57088e-08	2.51909
0.35514	4.57088e-08	2.53162
0.357932	4.57088e-08	2.53303
0.360745	4.57088e-08	2.52121
0.36358	4.57088e-08	2.49359
0.366438	4.57088e-08	2.44695
0.369318	4.7863e-08	2.60647
0.37222	4.7863e-08	2.4984
0.375146	5.01187e-08	2.57683
0.378094	5.24807e-08	2.58266
0.381066	5.49541e-08	2.46391
0.384061	6.30957e-08	2.53893
0.387079	9.12011e-08	2.59793
0.390122	0.01	1
0.393188	0.01	1
0.396278	0.01	1
0.399393	0.01	1
0.402532	0.01	1
0.405695	0.01	1
0.408884	0.01	1
0.412098	0.01	1
0.415336	0.01	1
0.418601	0.01	1
0.421891	0.01	1
0.425207	0.01	1
0.428549	0.01	1
0.431917	0.01	1
0.435311	0.01	1
0.438733	0.01	1
0.442181	0.01	1
0.445656	0.01	1
0.449159	0.01	1
0.452689	0.01	1
0.456247	0.01	1
0.459833	0.01	1
0.463447	0.01	1
0.467089	0.01	1
0.47076	0.01	1
0.47446	0.01	1
0.478189	0.01	1
0.481948	0.01	1
0.485736	0.01	1
0.489553	0.01	1
0.493401	0.01	1
0.497279	0.01	1
