0.01	0.01	1
0.0100786	0.01	1
0.0101578	0.01	1
0.0102376	0.01	1
0.0103181	0.01	1
0.0103992	0.01	1
0.0104809	0.01	1
0.0105633	0.01	1
0.0106463	0.01	1
0.01073	0.01	1
0.0108143	0.01	1
0.0108993	0.01	1
0.010985	0.01	1
0.0110713	0.01	1
0.0111584	0.01	1
0.011246	0.01	1
0.0113344	0.01	1
0.0114235	0.01	1
0.0115133	0.01	1
0.0116038	0.01	1
0.011695	0.01	1
0.0117869	0.01	1
0.0118796	0.01	1
0.0119729	0.01	1
0.012067	0.01	1
0.0121619	0.01	1
0.0122574	0.01	1
0.0123538	0.01	1
0.0124509	0.01	1
0.0125487	0.01	1
0.0126474	0.01	1
0.0127468	0.01	1
0.0128469	0.01	1
0.0129479	0.01	1
0.0130497	0.01	1
0.0131522	0.01	1
0.0132556	0.01	1
0.0133598	0.01	1
0.0134648	0.01	1
0.0135706	0.01	1
0.0136773	0.01	1
0.0137848	0.01	1
0.0138931	0.01	1
0.0140023	0.01	1
0.0141124	0.01	1
0.0142233	0.01	1
0.0143351	0.01	1
0.0144477	0.01	1
0.0145613	0.01	1
0.0146757	0.01	1
0.0147911	0.01	1
0.0149073	0.01	1
0.0150245	0.01	1
0.0151426	0.01	1
0.0152616	0.01	1
0.0153815	0.01	1
0.0155024	0.01	1
0.0156243	0.01	1
0.0157471	0.01	1
0.0158708	0.01	1
0.0159956	0.01	1
0.0161213	0.01	1
0.016248	0.01	1
0.0163757	0.01	1
0.0165044	0.01	1
0.0166341	0.01	1
0.0167649	0.01	1
0.0168966	0.01	1
0.0170294	0.01	1
0.0171633	0.01	1
0.0172982	0.01	1
0.0174341	0.01	1
0.0175711	0.01	1
0.0177092	0.01	1
0.0178484	0.01	1
0.0179887	0.01	1
0.0181301	0.01	1
0.0182726	0.01	1
0.0184162	0.01	1
0.0185609	0.01	1
0.0187068	0.01	1
0.0188538	0.01	1
0.019002	0.01	1
0.0191514	0.01	1
0.0193019	0.01	1
0.0194536	0.01	1
0.0196065	0.01	1
0.0197606	0.01	1
0.0199159	0.01	1
0.0200724	0.01	1
0.0202302	0.01	1
0.0203892	0.01	1
0.0205494	0.01	1
0.0207109	0.01	1
0.0208737	0.01	1
0.0210378	0.01	1
0.0212031	0.01	1
0.0213698	0.01	1
0.0215377	0.01	1
0.021707	0.01	1
0.0218776	0.01	1
0.0220496	0.01	1
0.0222229	0.01	1
0.0223975	0.01	1
0.0225736	0.01	1
0.022751	0.01	1
0.0229298	0.01	1
0.02311	0.01	1
0.0232916	0.01	1
0.0234747	0.01	1
0.0236592	0.01	1
0.0238451	0.01	1
0.0240326	0.01	1
0.0242214	0.01	1
0.0244118	0.01	1
0.0246037	0.01	1
0.024797	0.01	1
0.0249919	0.01	1
0.0251884	0.01	1
0.0253863	0.01	1
0.0255859	0.01	1
0.025787	0.01	1
0.0259896	0.01	1
0.0261939	0.01	1
0.0263998	0.01	1
0.0266073	0.01	1
0.0268164	0.01	1
0.0270271	0.01	1
0.0272396	0.01	1
0.0274536	0.01	1
0.0276694	0.01	1
0.0278869	0.01	1
0.0281061	0.01	1
0.028327	0.01	1
0.0285496	0.01	1
0.028774	0.01	1
0.0290001	0.01	1
0.0292281	0.01	1
0.0294578	0.01	1
0.0296893	0.01	1
0.0299226	0.01	1
0.0301578	0.01	1
0.0303948	0.01	1
0.0306337	0.01	1
0.0308745	0.01	1
0.0311172	0.01	1
0.0313617	0.01	1
0.0316082	0.01	1
0.0318566	0.01	1
0.032107	0.01	1
0.0323594	0.01	1
0.0326137	0.01	1
0.03287	0.01	1
0.0331284	0.01	1
0.0333887	0.01	1
0.0336512	0.01	1
0.0339156	0.01	1
0.0341822	0.01	1
0.0344509	0.01	1
0.0347216	0.01	1
0.0349945	0.01	1
0.0352696	0.01	1
0.0355468	0.01	1
0.0358261	0.01	1
0.0361077	0.01	1
0.0363915	0.01	1
0.0366775	0.01	1
0.0369658	0.01	1
0.0372563	0.01	1
0.0375491	0.01	1
0.0378443	0.01	1
0.0381417	0.01	1
0.0384415	0.01	1
0.0387436	0.01	1
0.0390481	0.01	1
0.039355	0.01	1
0.0396643	0.01	1
0.0399761	0.01	1
0.0402903	0.01	1
0.0406069	0.01	1
0.0409261	0.01	1
0.0412477	0.01	1
0.0415719	0.01	1
0.0418986	0.01	1
0.042228	0.01	1
0.0425598	0.01	1
0.0428943	0.01	1
0.0432315	0.01	1
0.0435712	0.01	1
0.0439137	0.01	1
0.0442588	0.01	1
0.0446067	0.01	1
0.0449573	0.01	1
0.0453106	0.01	1
0.0456667	0.01	1
0.0460257	0.01	1
0.0463874	0.01	1
0.046752	0.01	1
0.0471194	0.01	1
0.0474898	0.01	1
0.047863	0.01	1
0.0482392	0.01	1
0.0486183	0.01	1
0.0490004	0.01	1
0.0493856	0.01	1
0.0497737	0.01	1
0.0501649	0.01	1
0.0505592	0.01	1
0.0509565	0.01	1
0.051357	0.01	1
0.0517607	0.01	1
0.0521675	0.01	1
0.0525775	0.01	1
0.0529907	0.01	1
0.0534072	0.01	1
0.053827	0.01	1
0.05425	0.01	1
0.0546764	0.01	1
0.0551061	0.01	1
0.0555392	0.01	1
0.0559758	0.01	1
0.0564157	0.01	1
0.0568591	0.01	1
0.057306	0.01	1
0.0577564	0.01	1
0.0582103	0.01	1
0.0586678	0.01	1
0.0591289	0.01	1
0.0595937	0.01	1
0.060062	0.01	1
0.0605341	0.01	1
0.0610099	0.01	1
0.0614894	0.01	1
0.0619726	0.01	1
0.0624597	0.01	1
0.0629506	0.01	1
0.0634454	0.01	1
0.063944	0.01	1
0.0644466	0.01	1
0.0649531	0.01	1
0.0654636	0.01	1
0.0659781	0.01	1
0.0664967	0.01	1
0.0670193	0.01	1
0.0675461	0.01	1
0.0680769	0.01	1
0.068612	0.01	1
0.0691512	0.01	1
0.0696947	0.01	1
0.0702425	0.01	1
0.0707946	0.01	1
0.071351	0.01	1
0.0719118	0.01	1
0.072477	0.01	1
0.0730466	0.01	1
0.0736207	0.01	1
0.0741993	0.01	1
0.0747825	0.01	1
0.0753703	0.01	1
0.0759626	0.01	1
0.0765597	0.01	1
0.0771614	0.01	1
0.0777678	0.01	1
0.0783791	0.01	1
0.0789951	0.01	1
0.0796159	0.01	1
0.0802417	0.01	1
0.0808723	0.01	1
0.081508	0.01	1
0.0821486	0.01	1
0.0827942	0.01	1
0.0834449	0.01	1
0.0841008	0.01	1
0.0847618	0.01	1
0.085428	0.01	1
0.0860994	0.01	1
0.0867761	0.01	1
0.0874581	0.01	1
0.0881455	0.01	1
0.0888383	0.01	1
0.0895365	0.01	1
0.0902402	0.01	1
0.0909494	0.01	1
0.0916643	0.01	1
0.0923847	0.01	1
0.0931108	0.01	1
0.0938426	0.01	1
0.0945802	0.01	1
0.0953235	0.01	1
0.0960727	0.01	1
0.0968278	0.01	1
0.0975888	0.01	1
0.0983558	0.01	1
0.0991288	0.01	1
0.0999079	0.01	1
0.100693	0.01	1
0.101485	0.01	1
0.102282	0.01	1
0.103086	0.01	1
0.103896	0.01	1
0.104713	0.01	1
0.105536	0.01	1
0.106365	0.01	1
0.107201	0.000831764	2.64969
0.108044	0.000239883	2.64713
0.108893	0.000104713	2.56283
0.109749	5.7544e-05	2.62499
0.110611	3.46737e-05	2.54832
0.111481	2.29087e-05	2.53971
0.112357	1.58489e-05	2.47949
0.11324	1.20226e-05	2.67389
0.11413	8.70964e-06	2.4621
0.115027	6.91831e-06	2.58523
0.115931	5.49541e-06	2.60017
0.116842	4.36516e-06	2.52158
0.117761	3.63078e-06	2.60005
0.118686	3.01995e-06	2.61106
0.119619	2.51189e-06	2.56303
0.120559	2.0893e-06	2.46619
0.121507	1.8197e-06	2.55593
0.122462	1.58489e-06	2.60776
0.123424	1.38038e-06	2.62341
0.124394	1.20226e-06	2.60606
0.125372	1.04713e-06	2.55905
0.126357	9.12011e-07	2.48677
0.12735	8.31764e-07	2.62429
0.128351	7.24436e-07	2.50412
0.12936	6.60693e-07	2.59876
0.130377	5.7544e-07	2.44146
0.131401	5.24807e-07	2.49752
0.132434	4.7863e-07	2.53878
0.133475	4.36516e-07	2.56541
0.134524	3.98107e-07	2.57815
0.135581	3.63078e-07	2.57733
0.136647	3.31131e-07	2.56399
0.137721	3.01995e-07	2.53889
0.138803	2.75423e-07	2.50342
0.139894	2.51189e-07	2.45864
0.140994	2.39883e-07	2.63709
0.142102	2.18776e-07	2.56988
0.143219	1.99526e-07	2.4962
0.144344	1.90546e-07	2.65012
0.145479	1.7378e-07	2.55825
0.146622	1.58489e-07	2.46193
0.147775	1.51356e-07	2.59075
0.148936	1.38038e-07	2.47999
0.150107	1.31826e-07	2.59539
0.151286	1.20226e-07	2.4719
0.152475	1.14815e-07	2.57542
0.153674	1.04713e-07	2.44173
0.154882	1e-07	2.53271
0.156099	9.54993e-08	2.62134
0.157326	8.70964e-08	2.47003
0.158562	8.31764e-08	2.54699
0.159809	7.94328e-08	2.62197
0.161065	7.24436e-08	2.45648
0.16233	6.91831e-08	2.51994
0.163606	6.60693e-08	2.58065
0.164892	6.30957e-08	2.63888
0.166188	5.7544e-08	2.45679
0.167494	5.49541e-08	2.50458
0.168811	5.24807e-08	2.55008
0.170137	5.01187e-08	2.59197
0.171475	4.7863e-08	2.63158
0.172822	4.57088e-08	2.66857
0.174181	4.16869e-08	2.46445
0.17555	3.98107e-08	2.49297
0.176929	3.80189e-08	2.51888
0.17832	3.63078e-08	2.54135
0.179721	3.46737e-08	2.56201
0.181134	3.31131e-08	2.57963
0.182558	3.16228e-08	2.59492
0.183992	3.01995e-08	2.608
0.185439	2.88403e-08	2.61759
0.186896	2.75423e-08	2.62564
0.188365	2.63027e-08	2.63047
0.189845	2.51189e-08	2.63348
0.191337	2.39883e-08	2.63336
0.192841	2.29087e-08	2.63187
0.194357	2.18776e-08	2.6274
0.195884	2.0893e-08	2.62109
0.197424	1.99526e-08	2.6125
0.198976	1.90546e-08	2.60217
0.20054	1.8197e-08	2.58935
0.202116	1.7378e-08	2.57462
0.203704	1.65959e-08	2.55832
0.205305	1.58489e-08	2.54014
0.206919	1.51356e-08	2.52032
0.208545	1.44544e-08	2.49863
0.210184	1.38038e-08	2.47555
0.211836	1.31826e-08	2.45119
0.213501	1.31826e-08	2.65901
0.215179	1.25893e-08	2.62889
0.21687	1.20226e-08	2.59773
0.218575	1.14815e-08	2.56492
0.220293	1.09648e-08	2.53089
0.222024	1.04713e-08	2.49572
0.223769	1e-08	2.45959
0.225528	1e-08	2.65607
0.2273	9.54993e-09	2.61443
0.229087	9.12011e-09	2.5717
0.230887	8.70964e-09	2.52817
0.232702	8.31764e-09	2.48382
0.234531	8.31764e-09	2.67426
0.236374	7.94328e-09	2.62421
0.238232	7.58578e-09	2.57341
0.240104	7.24436e-09	2.52226
0.241991	6.91831e-09	2.47094
0.243893	6.91831e-09	2.65234
0.24581	6.60693e-09	2.59503
0.247742	6.30957e-09	2.5373
0.249689	6.0256e-09	2.47957
0.251652	6.0256e-09	2.65536
0.25363	5.7544e-09	2.59203
0.255623	5.49541e-09	2.52836
0.257632	5.24807e-09	2.46506
0.259657	5.24807e-09	2.63326
0.261698	5.01187e-09	2.564
0.263755	4.7863e-09	2.495
0.265828	4.7863e-09	2.66043
0.267917	4.57088e-09	2.58572
0.270023	4.36516e-09	2.51134
0.272145	4.36516e-09	2.67267
0.274284	4.16869e-09	2.59237
0.276439	3.98107e-09	2.51265
0.278612	3.98107e-09	2.66868
0.280802	3.80189e-09	2.5832
0.283009	3.63078e-09	2.49869
0.285233	3.63078e-09	2.64836
0.287475	3.46737e-09	2.55781
0.289734	3.31131e-09	2.46863
0.292012	3.31131e-09	2.61038
0.294307	3.16228e-09	2.51539
0.29662	3.16228e-09	2.65567
0.298951	3.01995e-09	2.5546
0.301301	2.88403e-09	2.4555
0.303669	2.88403e-09	2.58545
0.306055	2.75423e-09	2.4804
0.308461	2.75423e-09	2.60663
0.310885	2.63027e-09	2.49556
0.313329	2.63027e-09	2.61722
0.315791	2.51189e-09	2.50021
0.318273	2.51189e-09	2.61591
0.320775	2.39883e-09	2.49317
0.323296	2.39883e-09	2.60172
0.325837	2.29087e-09	2.47291
0.328398	2.29087e-09	2.57313
0.330979	2.29087e-09	2.67328
0.33358	2.18776e-09	2.5286
0.336202	2.18776e-09	2.61779
0.338844	2.0893e-09	2.46654
0.341507	2.0893e-09	2.54262
0.344191	2.0893e-09	2.61468
0.346897	1.99526e-09	2.44545
0.349623	1.99526e-09	2.5004
0.352371	1.99526e-09	2.54784
0.35514	1.99526e-09	2.58601
0.357932	1.99526e-09	2.61281
0.360745	1.99526e-09	2.62586
0.36358	1.99526e-09	2.62177
0.366438	1.99526e-09	2.59679
0.369318	1.99526e-09	2.5458
0.37222	1.99526e-09	2.46236
0.375146	2.0893e-09	2.56246
0.378094	2.18776e-09	2.5907
0.381066	2.29087e-09	2.49297
0.384061	2.63027e-09	2.59091
0.387079	3.80189e-09	2.67332
0.390122	0.01	1
0.393188	0.01	1
0.396278	0.01	1
0.399393	0.01	1
0.402532	0.01	1
0.405695	0.01	1
0.408884	0.01	1
0.412098	0.01	1
0.415336	0.01	1
0.418601	0.01	1
0.421891	0.01	1
0.425207	0.01	1
0.428549	0.01	1
0.431917	0.01	1
0.435311	0.01	1
0.438733	0.01	1
0.442181	0.01	1
0.445656	0.01	1
0.449159	0.01	1
0.452689	0.01	1
0.456247	0.01	1
0.459833	0.01	1
0.463447	0.01	1
0.467089	0.01	1
0.47076	0.01	1
0.47446	0.01	1
0.478189	0.01	1
0.481948	0.01	1
0.485736	0.01	1
0.489553	0.01	1
0.493401	0.01	1
0.497279	0.01	1
