0.01	0.01	1
0.0100786	0.01	1
0.0101578	0.01	1
0.0102376	0.01	1
0.0103181	0.01	1
0.0103992	0.01	1
0.0104809	0.01	1
0.0105633	0.01	1
0.0106463	0.01	1
0.01073	0.01	1
0.0108143	0.01	1
0.0108993	0.01	1
0.010985	0.01	1
0.0110713	0.01	1
0.0111584	0.01	1
0.011246	0.01	1
0.0113344	0.01	1
0.0114235	0.01	1
0.0115133	0.01	1
0.0116038	0.01	1
0.011695	0.01	1
0.0117869	0.01	1
0.0118796	0.01	1
0.0119729	0.01	1
0.012067	0.01	1
0.0121619	0.01	1
0.0122574	0.01	1
0.0123538	0.01	1
0.0124509	0.01	1
0.0125487	0.01	1
0.0126474	0.01	1
0.0127468	0.01	1
0.0128469	0.01	1
0.0129479	0.01	1
0.0130497	0.01	1
0.0131522	0.01	1
0.0132556	0.01	1
0.0133598	0.01	1
0.0134648	0.01	1
0.0135706	0.01	1
0.0136773	0.01	1
0.0137848	0.01	1
0.0138931	0.01	1
0.0140023	0.01	1
0.0141124	0.01	1
0.0142233	0.01	1
0.0143351	0.01	1
0.0144477	0.01	1
0.0145613	0.01	1
0.0146757	0.01	1
0.0147911	0.01	1
0.0149073	0.01	1
0.0150245	0.01	1
0.0151426	0.01	1
0.0152616	0.01	1
0.0153815	0.01	1
0.0155024	0.01	1
0.0156243	0.01	1
0.0157471	0.01	1
0.0158708	0.01	1
0.0159956	0.01	1
0.0161213	0.01	1
0.016248	0.01	1
0.0163757	0.01	1
0.0165044	0.01	1
0.0166341	0.01	1
0.0167649	0.01	1
0.0168966	0.01	1
0.0170294	0.01	1
0.0171633	0.01	1
0.0172982	0.01	1
0.0174341	0.01	1
0.0175711	0.01	1
0.0177092	0.01	1
0.0178484	0.01	1
0.0179887	0.01	1
0.0181301	0.01	1
0.0182726	0.01	1
0.0184162	0.01	1
0.0185609	0.01	1
0.0187068	0.01	1
0.0188538	0.01	1
0.019002	0.01	1
0.0191514	0.01	1
0.0193019	0.01	1
0.0194536	0.01	1
0.0196065	0.01	1
0.0197606	0.01	1
0.0199159	0.01	1
0.0200724	0.01	1
0.0202302	0.01	1
0.0203892	0.01	1
0.0205494	0.01	1
0.0207109	0.01	1
0.0208737	0.01	1
0.0210378	0.01	1
0.0212031	0.01	1
0.0213698	0.01	1
0.0215377	0.01	1
0.021707	0.01	1
0.0218776	0.01	1
0.0220496	0.01	1
0.0222229	0.01	1
0.0223975	0.01	1
0.0225736	0.01	1
0.022751	0.01	1
0.0229298	0.01	1
0.02311	0.01	1
0.0232916	0.01	1
0.0234747	0.01	1
0.0236592	0.01	1
0.0238451	0.01	1
0.0240326	0.01	1
0.0242214	0.01	1
0.0244118	0.01	1
0.0246037	0.01	1
0.024797	0.01	1
0.0249919	0.01	1
0.0251884	0.01	1
0.0253863	0.01	1
0.0255859	0.01	1
0.025787	0.01	1
0.0259896	0.01	1
0.0261939	0.01	1
0.0263998	0.01	1
0.0266073	0.01	1
0.0268164	0.01	1
0.0270271	0.01	1
0.0272396	0.01	1
0.0274536	0.01	1
0.0276694	0.01	1
0.0278869	0.01	1
0.0281061	0.01	1
0.028327	0.01	1
0.0285496	0.01	1
0.028774	0.01	1
0.0290001	0.01	1
0.0292281	0.01	1
0.0294578	0.01	1
0.0296893	0.01	1
0.0299226	0.01	1
0.0301578	0.01	1
0.0303948	0.01	1
0.0306337	0.01	1
0.0308745	0.01	1
0.0311172	0.01	1
0.0313617	0.01	1
0.0316082	0.01	1
0.0318566	0.01	1
0.032107	0.01	1
0.0323594	0.01	1
0.0326137	0.01	1
0.03287	0.01	1
0.0331284	0.01	1
0.0333887	0.01	1
0.0336512	0.01	1
0.0339156	0.01	1
0.0341822	0.01	1
0.0344509	0.01	1
0.0347216	0.01	1
0.0349945	0.01	1
0.0352696	0.01	1
0.0355468	0.01	1
0.0358261	0.01	1
0.0361077	0.01	1
0.0363915	0.01	1
0.0366775	0.01	1
0.0369658	0.01	1
0.0372563	0.01	1
0.0375491	0.01	1
0.0378443	0.01	1
0.0381417	0.01	1
0.0384415	0.01	1
0.0387436	0.01	1
0.0390481	0.01	1
0.039355	0.01	1
0.0396643	0.01	1
0.0399761	0.01	1
0.0402903	0.01	1
0.0406069	0.01	1
0.0409261	0.01	1
0.0412477	0.01	1
0.0415719	0.01	1
0.0418986	0.01	1
0.042228	0.01	1
0.0425598	0.01	1
0.0428943	0.01	1
0.0432315	0.01	1
0.0435712	0.01	1
0.0439137	0.01	1
0.0442588	0.01	1
0.0446067	0.01	1
0.0449573	0.01	1
0.0453106	0.01	1
0.0456667	0.01	1
0.0460257	0.01	1
0.0463874	0.01	1
0.046752	0.01	1
0.0471194	0.01	1
0.0474898	0.01	1
0.047863	0.01	1
0.0482392	0.01	1
0.0486183	0.01	1
0.0490004	0.01	1
0.0493856	0.01	1
0.0497737	0.01	1
0.0501649	0.01	1
0.0505592	0.01	1
0.0509565	0.01	1
0.051357	0.01	1
0.0517607	0.01	1
0.0521675	0.01	1
0.0525775	0.01	1
0.0529907	0.01	1
0.0534072	0.01	1
0.053827	0.01	1
0.05425	0.01	1
0.0546764	0.01	1
0.0551061	0.01	1
0.0555392	0.01	1
0.0559758	0.01	1
0.0564157	0.01	1
0.0568591	0.01	1
0.057306	0.01	1
0.0577564	0.01	1
0.0582103	0.01	1
0.0586678	0.01	1
0.0591289	0.01	1
0.0595937	0.01	1
0.060062	0.01	1
0.0605341	0.01	1
0.0610099	0.01	1
0.0614894	0.01	1
0.0619726	0.01	1
0.0624597	0.01	1
0.0629506	0.01	1
0.0634454	0.01	1
0.063944	0.01	1
0.0644466	0.01	1
0.0649531	0.01	1
0.0654636	0.01	1
0.0659781	0.01	1
0.0664967	0.01	1
0.0670193	0.01	1
0.0675461	0.01	1
0.0680769	0.01	1
0.068612	0.01	1
0.0691512	0.01	1
0.0696947	0.01	1
0.0702425	0.01	1
0.0707946	0.01	1
0.071351	0.01	1
0.0719118	0.01	1
0.072477	0.01	1
0.0730466	0.01	1
0.0736207	0.01	1
0.0741993	0.01	1
0.0747825	0.01	1
0.0753703	0.01	1
0.0759626	0.01	1
0.0765597	0.01	1
0.0771614	0.01	1
0.0777678	0.01	1
0.0783791	0.01	1
0.0789951	0.01	1
0.0796159	0.01	1
0.0802417	0.01	1
0.0808723	0.01	1
0.081508	0.01	1
0.0821486	0.01	1
0.0827942	0.01	1
0.0834449	0.01	1
0.0841008	0.01	1
0.0847618	0.01	1
0.085428	0.01	1
0.0860994	0.01	1
0.0867761	0.01	1
0.0874581	0.01	1
0.0881455	0.01	1
0.0888383	0.01	1
0.0895365	0.01	1
0.0902402	0.01	1
0.0909494	0.01	1
0.0916643	0.01	1
0.0923847	0.01	1
0.0931108	0.01	1
0.0938426	0.01	1
0.0945802	0.01	1
0.0953235	0.01	1
0.0960727	0.01	1
0.0968278	0.01	1
0.0975888	0.01	1
0.0983558	0.01	1
0.0991288	0.01	1
0.0999079	0.01	1
0.100693	0.01	1
0.101485	0.01	1
0.102282	0.01	1
0.103086	0.01	1
0.103896	0.01	1
0.104713	0.01	1
0.105536	0.01	1
0.106365	0.01	1
0.107201	0.01	1
0.108044	0.01	1
0.108893	0.01	1
0.109749	0.01	1
0.110611	0.01	1
0.111481	0.01	1
0.112357	0.01	1
0.11324	0.01	1
0.11413	0.01	1
0.115027	0.01	1
0.115931	0.01	1
0.116842	0.01	1
0.117761	0.01	1
0.118686	0.01	1
0.119619	0.01	1
0.120559	0.01	1
0.121507	0.01	1
0.122462	0.01	1
0.123424	0.01	1
0.124394	0.01	1
0.125372	0.01	1
0.126357	0.01	1
0.12735	0.01	1
0.128351	0.01	1
0.12936	0.01	1
0.130377	0.01	1
0.131401	0.01	1
0.132434	0.01	1
0.133475	0.01	1
0.134524	0.01	1
0.135581	0.01	1
0.136647	0.01	1
0.137721	0.01	1
0.138803	0.01	1
0.139894	0.01	1
0.140994	0.01	1
0.142102	0.01	1
0.143219	0.01	1
0.144344	0.01	1
0.145479	0.01	1
0.146622	0.01	1
0.147775	0.01	1
0.148936	0.01	1
0.150107	0.01	1
0.151286	0.01	1
0.152475	0.01	1
0.153674	0.01	1
0.154882	0.01	1
0.156099	0.01	1
0.157326	0.01	1
0.158562	0.01	1
0.159809	0.01	1
0.161065	0.01	1
0.16233	0.01	1
0.163606	0.01	1
0.164892	0.01	1
0.166188	0.01	1
0.167494	0.01	1
0.168811	0.01	1
0.170137	0.01	1
0.171475	0.01	1
0.172822	0.01	1
0.174181	0.01	1
0.17555	0.01	1
0.176929	0.01	1
0.17832	0.01	1
0.179721	0.01	1
0.181134	0.01	1
0.182558	0.01	1
0.183992	0.01	1
0.185439	0.01	1
0.186896	0.01	1
0.188365	0.01	1
0.189845	0.01	1
0.191337	0.01	1
0.192841	0.01	1
0.194357	0.01	1
0.195884	0.01	1
0.197424	0.01	1
0.198976	0.01	1
0.20054	0.01	1
0.202116	0.01	1
0.203704	0.01	1
0.205305	0.01	1
0.206919	0.01	1
0.208545	0.01	1
0.210184	0.01	1
0.211836	7.24436e-05	2.53494
0.213501	5.7544e-06	2.50425
0.215179	2.0893e-06	2.45271
0.21687	1.14815e-06	2.66442
0.218575	6.91831e-07	2.48997
0.220293	4.7863e-07	2.52796
0.222024	3.46737e-07	2.47964
0.223769	2.63027e-07	2.44028
0.225528	2.0893e-07	2.46469
0.2273	1.7378e-07	2.59309
0.229087	1.44544e-07	2.61975
0.230887	1.20226e-07	2.56065
0.232702	1.04713e-07	2.66987
0.234531	8.70964e-08	2.48003
0.236374	7.58578e-08	2.47667
0.238232	6.91831e-08	2.66517
0.240104	6.0256e-08	2.57684
0.241991	5.24807e-08	2.45889
0.243893	4.7863e-08	2.54218
0.24581	4.36516e-08	2.60044
0.247742	3.98107e-08	2.63507
0.249689	3.63078e-08	2.64724
0.251652	3.31131e-08	2.63889
0.25363	3.01995e-08	2.61129
0.255623	2.75423e-08	2.56736
0.257632	2.51189e-08	2.50859
0.259657	2.39883e-08	2.67248
0.261698	2.18776e-08	2.58294
0.263755	1.99526e-08	2.48397
0.265828	1.90546e-08	2.60766
0.267917	1.7378e-08	2.48548
0.270023	1.65959e-08	2.58746
0.272145	1.51356e-08	2.44681
0.274284	1.44544e-08	2.52803
0.276439	1.38038e-08	2.60313
0.278612	1.31826e-08	2.67124
0.280802	1.20226e-08	2.49229
0.283009	1.14815e-08	2.5422
0.285233	1.09648e-08	2.58543
0.287475	1.04713e-08	2.6219
0.289734	1e-08	2.65214
0.292012	9.54993e-09	2.67538
0.294307	8.70964e-09	2.45533
0.29662	8.31764e-09	2.46473
0.298951	7.94328e-09	2.46824
0.301301	7.58578e-09	2.46614
0.303669	7.24436e-09	2.45802
0.306055	6.91831e-09	2.44454
0.308461	6.91831e-09	2.6599
0.310885	6.60693e-09	2.63333
0.313329	6.30957e-09	2.60144
0.315791	6.0256e-09	2.56442
0.318273	5.7544e-09	2.52197
0.320775	5.49541e-09	2.475
0.323296	5.49541e-09	2.65702
0.325837	5.24807e-09	2.59526
0.328398	5.01187e-09	2.52913
0.330979	4.7863e-09	2.45885
0.33358	4.7863e-09	2.61439
0.336202	4.57088e-09	2.52853
0.338844	4.57088e-09	2.67405
0.341507	4.36516e-09	2.57145
0.344191	4.16869e-09	2.46526
0.346897	4.16869e-09	2.58295
0.349623	3.98107e-09	2.45884
0.352371	3.98107e-09	2.55635
0.35514	3.98107e-09	2.64595
0.357932	3.80189e-09	2.48466
0.360745	3.80189e-09	2.5435
0.36358	3.80189e-09	2.5854
0.366438	3.80189e-09	2.60556
0.369318	3.80189e-09	2.59826
0.37222	3.80189e-09	2.55479
0.375146	3.80189e-09	2.4637
0.378094	3.98107e-09	2.53005
0.381066	4.16869e-09	2.47163
0.384061	4.7863e-09	2.60691
0.387079	6.60693e-09	2.4886
0.390122	0.01	1
0.393188	0.01	1
0.396278	0.01	1
0.399393	0.01	1
0.402532	0.01	1
0.405695	0.01	1
0.408884	0.01	1
0.412098	0.01	1
0.415336	0.01	1
0.418601	0.01	1
0.421891	0.01	1
0.425207	0.01	1
0.428549	0.01	1
0.431917	0.01	1
0.435311	0.01	1
0.438733	0.01	1
0.442181	0.01	1
0.445656	0.01	1
0.449159	0.01	1
0.452689	0.01	1
0.456247	0.01	1
0.459833	0.01	1
0.463447	0.01	1
0.467089	0.01	1
0.47076	0.01	1
0.47446	0.01	1
0.478189	0.01	1
0.481948	0.01	1
0.485736	0.01	1
0.489553	0.01	1
0.493401	0.01	1
0.497279	0.01	1
