#Mass	Ue	Events
0.01	3.79831e-05
0.0101065	3.68059e-05
0.0102142	3.56653e-05
0.010323	3.456e-05
0.010433	3.3489e-05
0.0105441	3.24512e-05
0.0106564	3.14455e-05
0.01077	3.0471e-05
0.0108847	2.95267e-05
0.0110007	2.86117e-05
0.0111178	2.7725e-05
0.0112363	2.69262e-05
0.011356	2.60918e-05
0.011477	2.52832e-05
0.0115992	2.44997e-05
0.0117228	2.37404e-05
0.0118477	2.30047e-05
0.0119739	2.2342e-05
0.0121014	2.16496e-05
0.0122304	2.09786e-05
0.0123606	2.03285e-05
0.0124923	1.96985e-05
0.0126254	1.9131e-05
0.0127599	1.85382e-05
0.0128958	1.79636e-05
0.0130332	1.74069e-05
0.0131721	1.69055e-05
0.0133124	1.63816e-05
0.0134542	1.58739e-05
0.0135975	1.54166e-05
0.0137424	1.49388e-05
0.0138888	1.44759e-05
0.0140367	1.40588e-05
0.0141863	1.36231e-05
0.0143374	1.3201e-05
0.0144901	1.28207e-05
0.0146445	1.24233e-05
0.0148005	1.20654e-05
0.0149582	1.16915e-05
0.0151175	1.13292e-05
0.0152786	1.10028e-05
0.0154413	1.06618e-05
0.0156058	1.03547e-05
0.0157721	1.00338e-05
0.0159401	9.74472e-06
0.0161099	9.44273e-06
0.0162815	9.1707e-06
0.016455	8.88649e-06
0.0166303	8.63048e-06
0.0168074	8.38185e-06
0.0169865	8.12209e-06
0.0171674	7.8881e-06
0.0173503	7.64365e-06
0.0175351	7.42344e-06
0.0177219	7.20958e-06
0.0179107	6.98616e-06
0.0181015	6.78489e-06
0.0182944	6.58943e-06
0.0184893	6.38522e-06
0.0186862	6.20127e-06
0.0188853	6.02262e-06
0.0190865	5.84911e-06
0.0192898	5.6806e-06
0.0194953	5.50456e-06
0.019703	5.34598e-06
0.0199129	5.19197e-06
0.020125	5.04239e-06
0.0203394	4.89713e-06
0.0205561	4.75605e-06
0.0207751	4.61903e-06
0.0209964	4.47588e-06
0.02122	4.34694e-06
0.0214461	4.22171e-06
0.0216746	4.10009e-06
0.0219055	3.98197e-06
0.0221388	3.86725e-06
0.0223747	3.75584e-06
0.022613	3.65585e-06
0.0228539	3.55053e-06
0.0230974	3.44824e-06
0.0233434	3.3489e-06
0.0235921	3.25242e-06
0.0238434	3.15872e-06
0.0240974	3.06772e-06
0.0243542	2.98605e-06
0.0246136	2.90003e-06
0.0248758	2.81648e-06
0.0251408	2.73534e-06
0.0254086	2.66252e-06
0.0256793	2.58582e-06
0.0259529	2.51132e-06
0.0262293	2.44446e-06
0.0265088	2.37404e-06
0.0267912	2.31084e-06
0.0270766	2.24427e-06
0.027365	2.18452e-06
0.0276565	2.12158e-06
0.0279512	2.0651e-06
0.0282489	2.00561e-06
0.0285499	1.95221e-06
0.028854	1.89597e-06
0.0291614	1.8455e-06
0.029472	1.79636e-06
0.029786	1.74461e-06
0.0301033	1.69817e-06
0.030424	1.65296e-06
0.0307481	1.60895e-06
0.0310757	1.5626e-06
0.0314067	1.521e-06
0.0317413	1.48051e-06
0.0320794	1.44109e-06
0.0324212	1.40273e-06
0.0327666	1.36538e-06
0.0331156	1.32903e-06
0.0334684	1.29365e-06
0.0338249	1.25921e-06
0.0341853	1.22569e-06
0.0345494	1.19305e-06
0.0349175	1.16129e-06
0.0352895	1.13038e-06
0.0356654	1.10028e-06
0.0360454	1.07099e-06
0.0364293	1.04482e-06
0.0368174	1.01701e-06
0.0372096	9.89932e-07
0.037606	9.63578e-07
0.0380066	9.40036e-07
0.0384115	9.1501e-07
0.0388207	8.92655e-07
0.0392343	8.6889e-07
0.0396522	8.45758e-07
0.0400747	8.25095e-07
0.0405016	8.03129e-07
0.040933	7.83507e-07
0.0413691	7.62648e-07
0.0418098	7.44016e-07
0.0422552	7.25838e-07
0.0427053	7.06515e-07
0.0431603	6.89253e-07
0.0436201	6.70904e-07
0.0440848	6.54513e-07
0.0445544	6.38522e-07
0.045029	6.22922e-07
0.0455087	6.06338e-07
0.0459935	5.91524e-07
0.0464835	5.77073e-07
0.0469787	5.62974e-07
0.0474791	5.47986e-07
0.0479849	5.34598e-07
0.0484961	5.21537e-07
0.0490127	5.08795e-07
0.0495349	4.96365e-07
0.0500626	4.84238e-07
0.0505959	4.72407e-07
0.0511349	4.5983e-07
0.0516796	4.48596e-07
0.0522302	4.37636e-07
0.0527866	4.26944e-07
0.0533489	4.16513e-07
0.0539172	4.06337e-07
0.0544916	3.9641e-07
0.0550721	3.86725e-07
0.0556588	3.77277e-07
0.0562517	3.67233e-07
0.056851	3.58261e-07
0.0574566	3.49508e-07
0.0580687	3.40969e-07
0.0586873	3.32639e-07
0.0593125	3.24512e-07
0.0599443	3.16584e-07
0.0605829	3.08155e-07
0.0612283	3.00627e-07
0.0618806	2.93282e-07
0.0625398	2.86117e-07
0.063206	2.78499e-07
0.0638794	2.71695e-07
0.0645599	2.64462e-07
0.0652476	2.58001e-07
0.0659427	2.51698e-07
0.0666452	2.44997e-07
0.0673551	2.39011e-07
0.0680727	2.32648e-07
0.0687979	2.26964e-07
0.0695308	2.20922e-07
0.0702715	2.1504e-07
0.0710201	2.09786e-07
0.0717766	2.04201e-07
0.0725413	1.98765e-07
0.0733141	1.93909e-07
0.0740951	1.88746e-07
0.0748844	1.83722e-07
0.0756821	1.7883e-07
0.0764884	1.74069e-07
0.0773032	1.69817e-07
0.0781267	1.65296e-07
0.078959	1.60895e-07
0.0798002	1.56612e-07
0.0806503	1.52442e-07
0.0815094	1.48384e-07
0.0823778	1.44434e-07
0.0832553	1.40588e-07
0.0841422	1.36845e-07
0.0850386	1.33202e-07
0.0859445	1.29656e-07
0.0868601	1.26204e-07
0.0877854	1.22844e-07
0.0887206	1.19574e-07
0.0896657	1.16391e-07
0.0906209	1.13292e-07
0.0915863	1.10276e-07
0.092562	1.0734e-07
0.093548	1.04482e-07
0.0945446	1.01701e-07
0.0955518	9.89932e-08
0.0965697	9.63578e-08
0.0975984	9.40036e-08
0.0986382	9.1501e-08
0.0996889	8.9065e-08
0.100751	8.6889e-08
0.101824	8.45758e-08
0.102909	8.25095e-08
0.104005	8.03129e-08
0.105113	7.83507e-08
0.106233	7.62648e-08
0.107365	7.44016e-08
0.108508	7.25838e-08
0.109664	7.06515e-08
0.110833	6.89253e-08
0.112013	6.72414e-08
0.113207	6.55986e-08
0.114413	6.39959e-08
0.115631	6.24324e-08
0.116863	6.09071e-08
0.118108	5.94191e-08
0.119366	5.79674e-08
0.120638	5.66785e-08
0.121923	5.52937e-08
0.123222	5.39428e-08
0.124535	5.27434e-08
0.125861	5.14548e-08
0.127202	5.03107e-08
0.128557	4.90815e-08
0.129927	4.79902e-08
0.131311	4.68177e-08
0.13271	4.57767e-08
0.134123	4.46583e-08
0.135552	4.36653e-08
0.136996	4.26944e-08
0.138456	4.16513e-08
0.139931	4.36653e-08
0.141421	4.02699e-08
0.142928	3.54255e-08
0.144451	3.07463e-08
0.145989	2.66851e-08
0.147545	2.33172e-08
0.149116	2.06046e-08
0.150705	1.83722e-08
0.15231	1.65296e-08
0.153933	1.50399e-08
0.155573	1.37462e-08
0.15723	1.26773e-08
0.158905	1.17442e-08
0.160598	1.09534e-08
0.162309	1.0262e-08
0.164038	9.65747e-09
0.165785	9.10904e-09
0.167551	8.63048e-09
0.169336	8.21393e-09
0.17114	7.83507e-09
0.172963	7.49052e-09
0.174806	7.17723e-09
0.176668	6.90805e-09
0.17855	6.64896e-09
0.180452	6.414e-09
0.182375	6.21523e-09
0.184317	6.02262e-09
0.186281	5.84911e-09
0.188265	5.6806e-09
0.190271	5.54182e-09
0.192298	5.40642e-09
0.194347	5.28621e-09
0.196417	5.16867e-09
0.198509	5.07652e-09
0.200624	5.15706e-09
0.202761	5.06512e-09
0.204921	4.98602e-09
0.207104	4.9192e-09
0.209311	4.8642e-09
0.21154	4.80982e-09
0.213794	4.75605e-09
0.216071	4.71346e-09
0.218373	4.68177e-09
0.2207	4.66076e-09
0.223051	4.63985e-09
0.225427	4.62943e-09
0.227828	4.61903e-09
0.230255	4.61903e-09
0.232708	4.62943e-09
0.235187	4.63985e-09
0.237693	4.66076e-09
0.240225	4.69231e-09
0.242784	4.73471e-09
0.24537	4.77748e-09
0.247984	4.84238e-09
0.250626	4.90815e-09
0.253296	4.98602e-09
0.255994	5.07652e-09
0.258721	5.16867e-09
0.261478	5.28621e-09
0.264263	5.4186e-09
0.267078	5.5668e-09
0.269923	5.73193e-09
0.272799	5.91524e-09
0.275705	6.13194e-09
0.278642	6.37088e-09
0.281611	6.63403e-09
0.284611	6.95481e-09
0.287642	7.2911e-09
0.290707	7.69539e-09
0.293804	8.14038e-09
0.296933	8.64991e-09
0.300097	9.25355e-09
0.303294	9.94394e-09
0.306525	1.07129e-08
0.30979	1.16162e-08
0.31309	1.26595e-08
0.316426	1.38198e-08
0.319796	1.51375e-08
0.323203	1.65528e-08
0.326646	1.80395e-08
0.330126	1.94619e-08
0.333643	2.06801e-08
0.337197	2.1607e-08
0.340789	2.2086e-08
0.34442	2.21232e-08
0.348089	2.18636e-08
0.351797	2.14256e-08
0.355545	2.09256e-08
0.359332	2.03685e-08
0.36316	1.98597e-08
0.367029	1.93637e-08
0.370939	1.888e-08
0.374891	1.84083e-08
0.378884	1.79485e-08
0.382921	1.75002e-08
0.387	1.7063e-08
0.391122	1.66368e-08
0.395289	1.62212e-08
0.3995	1.5816e-08
0.403756	1.57362e-08
0.408057	1.53431e-08
0.412404	1.49598e-08
0.416798	1.45861e-08
0.421238	1.42218e-08
0.425725	1.38665e-08
0.43026	1.3543e-08
0.434844	1.32047e-08
0.439476	1.28748e-08
0.444158	1.25744e-08
0.44889	1.22603e-08
0.453672	1.1954e-08
0.458505	1.16751e-08
0.463389	1.13835e-08
0.468325	1.10991e-08
0.473315	1.08401e-08
0.478357	1.05693e-08
0.483453	1.03227e-08
0.488603	1.00818e-08
0.493808	2.48115e-05
0.499068	2.42326e-05
0.504385	2.37071e-05
0.509758	2.31539e-05
0.515189	2.26518e-05
0.520677	2.21606e-05
0.526224	2.16435e-05
0.53183	2.11741e-05
0.537495	2.06801e-05
0.543221	2.02316e-05
0.549008	1.97929e-05
0.554857	1.93637e-05
0.560767	1.89437e-05
0.566741	1.85329e-05
0.572779	1.81005e-05
0.578881	1.7708e-05
0.585047	1.7324e-05
0.59128	1.69483e-05
0.597579	1.66087e-05
0.603945	1.62486e-05
0.610379	1.58962e-05
0.616881	1.55515e-05
0.623453	1.52143e-05
0.630094	1.49095e-05
0.636807	1.45861e-05
0.64359	1.42939e-05
0.650447	1.3984e-05
0.657376	1.37038e-05
0.664379	1.34066e-05
0.671456	1.3138e-05
0.678609	1.28748e-05
0.685839	1.25956e-05
0.693145	1.23433e-05
0.700529	1.2096e-05
0.707992	1.18537e-05
0.715534	1.16162e-05
0.723156	1.14027e-05
0.73086	1.11742e-05
0.738646	1.09504e-05
0.746515	1.07491e-05
0.754467	1.05338e-05
0.762505	1.03401e-05
0.770628	1.0133e-05
0.778837	9.94674e-06
0.787134	9.76392e-06
0.795519	9.60063e-06
0.803994	9.44008e-06
0.812559	9.28221e-06
0.821215	9.14239e-06
0.829964	9.00467e-06
0.838805	8.884e-06
0.847741	8.76494e-06
0.856772	8.64748e-06
0.865899	8.546e-06
0.875123	8.4558e-06
0.884446	8.37773e-06
0.893868	8.30038e-06
0.90339	8.23647e-06
0.913014	8.18569e-06
0.922741	8.14782e-06
0.932571	8.12266e-06
0.942505	8.11012e-06
0.952546	8.11012e-06
0.962693	8.13523e-06
0.972949	8.19836e-06
0.983313	8.27475e-06
0.993789	8.40367e-06
1.00438	8.60082e-06
1.01508	8.8709e-06
1.02589	9.30637e-06
1.02589	1.94537e-05
1.01508	2.2547e-05
1.00438	2.56951e-05
0.993789	2.9037e-05
0.983313	3.25837e-05
0.972949	3.63587e-05
0.962693	4.04571e-05
0.952546	4.48911e-05
0.942505	4.97412e-05
0.932571	5.49606e-05
0.922741	6.05572e-05
0.913014	6.67236e-05
0.90339	7.33117e-05
0.893868	8.05503e-05
0.884446	8.82551e-05
0.875123	9.66969e-05
0.865899	0.000105664
0.856772	0.000115348
0.847741	0.000125921
0.838805	0.000137154
0.829964	0.000149053
0.821215	0.000161984
0.812559	0.000175248
0.803994	0.000189597
0.795519	0.000204201
0.787134	0.00021993
0.778837	0.000235278
0.770628	0.000251698
0.762505	0.000268658
0.754467	0.000286761
0.746515	0.000306083
0.738646	0.000326708
0.73086	0.000348723
0.723156	0.000372221
0.715534	0.00039641
0.707992	0.000423121
0.700529	0.000450618
0.693145	0.000479902
0.685839	0.000511088
0.678609	0.000544302
0.671456	0.000579674
0.664379	0.000617344
0.657376	0.000655986
0.650447	0.000698616
0.64359	0.000742344
0.636807	0.000790586
0.630094	0.000840072
0.623453	0.000892655
0.616881	0.000948529
0.610379	0.0010079
0.603945	0.00107099
0.597579	0.00113803
0.59128	0.00120654
0.585047	0.00128207
0.578881	0.00136231
0.572779	0.00144434
0.566741	0.00153474
0.560767	0.00162714
0.554857	0.00172511
0.549008	0.00183309
0.543221	0.00194345
0.537495	0.00206046
0.53183	0.00218452
0.526224	0.00231604
0.520677	0.00245548
0.515189	0.00260332
0.509758	0.00276006
0.504385	0.00292623
0.499068	0.00310241
0.493808	0.0032892
0.488603	0.0098549
0.483453	0.010378
0.478357	0.0109534
0.473315	0.0115348
0.468325	0.0121744
0.463389	0.0128207
0.458505	0.0135316
0.453672	0.0142498
0.44889	0.0150399
0.444158	0.0158739
0.439476	0.0167165
0.434844	0.0176434
0.43026	0.0186217
0.425725	0.0196101
0.421238	0.0206975
0.416798	0.0218452
0.412404	0.0230565
0.408057	0.0242803
0.403756	0.0256266
0.3995	0.0270476
0.395289	0.0285474
0.391122	0.0301303
0.387	0.031801
0.382921	0.0335644
0.378884	0.0355053
0.374891	0.037474
0.370939	0.039552
0.367029	0.0417451
0.36316	0.044159
0.359332	0.0466076
0.355545	0.0493027
0.351797	0.0521537
0.348089	0.0551695
0.34442	0.0583597
0.340789	0.0618734
0.337197	0.0657463
0.333643	0.0700188
0.330126	0.074569
0.326646	0.0797729
0.323203	0.0851483
0.319796	0.0910904
0.316426	0.0974472
0.31309	0.104248
0.30979	0.111272
0.306525	0.119037
0.303294	0.127345
0.300097	0.135925
0.296933	0.145085
0.293804	0.155209
0.290707	0.165668
0.287642	0.176831
0.284611	0.189171
0.281611	0.201918
0.278642	0.215524
0.275705	0.230565
0.272799	0.246101
0.269923	0.263275
0.267078	0.281648
0.264263	0.300627
0.261478	0.321606
0.258721	0.34405
0.255994	0.368888
0.253296	0.394631
0.250626	0.423121
0.247984	0.453668
0.24537	0.48642
0.242784	0.521537
0.240225	0.559189
0.237693	0.600909
0.235187	0.645741
0.232708	0.693919
0.230255	0.747369
0.227828	0.804937
0.225427	0.866938
0.223051	0.935818
0.2207	1
0.218373	1
0.216071	1
0.213794	1
0.21154	1
0.209311	1
0.207104	1
0.204921	1
0.202761	1
0.200624	1
0.198509	1
0.196417	1
0.194347	1
0.192298	1
0.190271	1
0.188265	1
0.186281	1
0.184317	1
0.182375	1
0.180452	1
0.17855	1
0.176668	1
0.174806	1
0.172963	1
0.17114	1
0.169336	1
0.167551	1
0.165785	1
0.164038	1
0.162309	1
0.160598	1
0.158905	1
0.15723	1
0.155573	1
0.153933	1
0.15231	1
0.150705	1
0.149116	1
0.147545	1
0.145989	1
0.144451	1
0.142928	1
0.141421	1
0.139931	1
0.138456	1
0.136996	1
0.135552	1
0.134123	1
0.13271	1
0.131311	1
0.129927	1
0.128557	1
0.127202	1
0.125861	1
0.124535	1
0.123222	1
0.121923	1
0.120638	1
0.119366	1
0.118108	1
0.116863	1
0.115631	1
0.114413	1
0.113207	1
0.112013	1
0.110833	1
0.109664	1
0.108508	1
0.107365	1
0.106233	1
0.105113	1
0.104005	1
0.102909	1
0.101824	1
0.100751	1
0.0996889	1
0.0986382	1
0.0975984	1
0.0965697	1
0.0955518	1
0.0945446	1
0.093548	1
0.092562	1
0.0915863	1
0.0906209	1
0.0896657	1
0.0887206	1
0.0877854	1
0.0868601	1
0.0859445	1
0.0850386	1
0.0841422	1
0.0832553	1
0.0823778	1
0.0815094	1
0.0806503	1
0.0798002	1
0.078959	1
0.0781267	1
0.0773032	1
0.0764884	1
0.0756821	1
0.0748844	1
0.0740951	1
0.0733141	1
0.0725413	1
0.0717766	1
0.0710201	1
0.0702715	1
0.0695308	1
0.0687979	1
0.0680727	1
0.0673551	1
0.0666452	1
0.0659427	1
0.0652476	1
0.0645599	1
0.0638794	1
0.063206	1
0.0625398	1
0.0618806	1
0.0612283	1
0.0605829	1
0.0599443	1
0.0593125	1
0.0586873	1
0.0580687	1
0.0574566	1
0.056851	1
0.0562517	1
0.0556588	1
0.0550721	1
0.0544916	1
0.0539172	1
0.0533489	1
0.0527866	1
0.0522302	1
0.0516796	1
0.0511349	1
0.0505959	1
0.0500626	1
0.0495349	1
0.0490127	1
0.0484961	1
0.0479849	1
0.0474791	1
0.0469787	1
0.0464835	1
0.0459935	1
0.0455087	1
0.045029	1
0.0445544	1
0.0440848	1
0.0436201	1
0.0431603	1
0.0427053	1
0.0422552	1
0.0418098	1
0.0413691	1
0.040933	1
0.0405016	1
0.0400747	1
0.0396522	1
0.0392343	1
0.0388207	1
0.0384115	1
0.0380066	1
0.037606	1
0.0372096	1
0.0368174	1
0.0364293	1
0.0360454	1
0.0356654	1
0.0352895	1
0.0349175	1
0.0345494	1
0.0341853	1
0.0338249	1
0.0334684	1
0.0331156	1
0.0327666	1
0.0324212	1
0.0320794	1
0.0317413	1
0.0314067	1
0.0310757	1
0.0307481	1
0.030424	1
0.0301033	1
0.029786	1
0.029472	1
0.0291614	1
0.028854	1
0.0285499	1
0.0282489	1
0.0279512	1
0.0276565	1
0.027365	1
0.0270766	1
0.0267912	1
0.0265088	1
0.0262293	1
0.0259529	1
0.0256793	1
0.0254086	1
0.0251408	1
0.0248758	1
0.0246136	1
0.0243542	1
0.0240974	1
0.0238434	1
0.0235921	1
0.0233434	1
0.0230974	1
0.0228539	1
0.022613	1
0.0223747	1
0.0221388	1
0.0219055	1
0.0216746	1
0.0214461	1
0.02122	1
0.0209964	1
0.0207751	1
0.0205561	1
0.0203394	1
0.020125	1
0.0199129	1
0.019703	1
0.0194953	1
0.0192898	1
0.0190865	1
0.0188853	1
0.0186862	1
0.0184893	1
0.0182944	1
0.0181015	1
0.0179107	1
0.0177219	1
0.0175351	1
0.0173503	1
0.0171674	1
0.0169865	1
0.0168074	1
0.0166303	1
0.016455	1
0.0162815	1
0.0161099	1
0.0159401	1
0.0157721	1
0.0156058	1
0.0154413	1
0.0152786	1
0.0151175	1
0.0149582	1
0.0148005	1
0.0146445	1
0.0144901	1
0.0143374	1
0.0141863	1
0.0140367	1
0.0138888	1
0.0137424	1
0.0135975	1
0.0134542	1
0.0133124	1
0.0131721	1
0.0130332	1
0.0128958	1
0.0127599	1
0.0126254	1
0.0124923	1
0.0123606	1
0.0122304	1
0.0121014	1
0.0119739	1
0.0118477	1
0.0117228	1
0.0115992	1
0.011477	1
0.011356	1
0.0112363	1
0.0111178	1
0.0110007	1
0.0108847	1
0.01077	1
0.0106564	1
0.0105441	1
0.010433	1
0.010323	1
0.0102142	1
0.0101065	1
0.01	1
0.01	3.79831e-05


