#Mass	Um	Events
0.01	6.84619e-06
0.0101065	6.63403e-06
0.0102142	6.42844e-06
0.010323	6.21523e-06
0.010433	6.02262e-06
0.0105441	5.83597e-06
0.0106564	5.65511e-06
0.01077	5.47986e-06
0.0108847	5.31004e-06
0.0110007	5.14548e-06
0.0111178	4.98602e-06
0.0112363	4.8315e-06
0.011356	4.68177e-06
0.011477	4.53668e-06
0.0115992	4.39609e-06
0.0117228	4.25985e-06
0.0118477	4.12784e-06
0.0119739	3.99992e-06
0.0121014	3.87596e-06
0.0122304	3.75584e-06
0.0123606	3.64764e-06
0.0124923	3.5346e-06
0.0126254	3.42506e-06
0.0127599	3.31891e-06
0.0128958	3.21606e-06
0.0130332	3.11639e-06
0.0131721	3.01982e-06
0.0133124	2.93282e-06
0.0134542	2.84193e-06
0.0135975	2.75386e-06
0.0137424	2.66851e-06
0.0138888	2.59164e-06
0.0140367	2.51132e-06
0.0141863	2.4335e-06
0.0143374	2.36339e-06
0.0144901	2.29015e-06
0.0146445	2.21917e-06
0.0148005	2.15524e-06
0.0149582	2.08845e-06
0.0151175	2.02373e-06
0.0152786	1.96543e-06
0.0154413	1.90452e-06
0.0156058	1.84965e-06
0.0157721	1.79233e-06
0.0159401	1.74069e-06
0.0161099	1.68675e-06
0.0162815	1.63816e-06
0.016455	1.58739e-06
0.0166303	1.54166e-06
0.0168074	1.49725e-06
0.0169865	1.45085e-06
0.0171674	1.40905e-06
0.0173503	1.36845e-06
0.0175351	1.32605e-06
0.0177219	1.28784e-06
0.0179107	1.25074e-06
0.0181015	1.21471e-06
0.0182944	1.17972e-06
0.0184893	1.14573e-06
0.0186862	1.11272e-06
0.0188853	1.08067e-06
0.0190865	1.04953e-06
0.0192898	1.0193e-06
0.0194953	9.89932e-07
0.019703	9.61413e-07
0.0199129	9.33716e-07
0.020125	9.06817e-07
0.0203394	8.80692e-07
0.0205561	8.57246e-07
0.0207751	8.3255e-07
0.0209964	8.10385e-07
0.02122	7.87039e-07
0.0214461	7.66086e-07
0.0216746	7.44016e-07
0.0219055	7.24208e-07
0.0221388	7.04928e-07
0.0223747	6.84619e-07
0.022613	6.66393e-07
0.0228539	6.48652e-07
0.0230974	6.31383e-07
0.0233434	6.15958e-07
0.0235921	5.99559e-07
0.0238434	5.83597e-07
0.0240974	5.69339e-07
0.0243542	5.54182e-07
0.0246136	5.40642e-07
0.0248758	5.27434e-07
0.0251408	5.14548e-07
0.0254086	5.01977e-07
0.0256793	4.89713e-07
0.0259529	4.78824e-07
0.0262293	4.67126e-07
0.0265088	4.56739e-07
0.0267912	4.46583e-07
0.0270766	4.37636e-07
0.027365	4.27905e-07
0.0276565	4.19333e-07
0.0279512	4.10932e-07
0.0282489	4.03605e-07
0.0285499	3.9641e-07
0.028854	3.89343e-07
0.0291614	3.83262e-07
0.029472	3.78126e-07
0.029786	3.73059e-07
0.0301033	3.68888e-07
0.030424	3.65585e-07
0.0307481	3.63127e-07
0.0310757	3.62311e-07
0.0314067	3.62311e-07
0.0317413	3.63944e-07
0.0320794	3.68888e-07
0.0324212	3.76429e-07
0.0327666	3.90219e-07
0.0331156	4.14644e-07
0.0334684	4.63985e-07
0.0338249	6.50112e-07
0.0341853	1.44109e-06
0.0345494	1.39643e-06
0.0349175	1.3562e-06
0.0352895	1.31417e-06
0.0356654	1.27631e-06
0.0360454	1.23954e-06
0.0364293	1.20113e-06
0.0368174	1.16653e-06
0.0372096	1.13038e-06
0.037606	1.09781e-06
0.0380066	1.06379e-06
0.0384115	1.03314e-06
0.0388207	1.00112e-06
0.0392343	9.72284e-07
0.0396522	9.44273e-07
0.0400747	9.1501e-07
0.0405016	8.88649e-07
0.040933	8.6111e-07
0.0413691	8.36302e-07
0.0418098	8.12209e-07
0.0422552	7.87039e-07
0.0427053	7.64365e-07
0.0431603	7.42344e-07
0.0436201	7.19339e-07
0.0440848	6.98616e-07
0.0445544	6.76965e-07
0.045029	6.57463e-07
0.0455087	6.38522e-07
0.0459935	6.18734e-07
0.0464835	6.00909e-07
0.0469787	5.83597e-07
0.0474791	5.65511e-07
0.0479849	5.4922e-07
0.0484961	5.33397e-07
0.0490127	5.16867e-07
0.0495349	5.01977e-07
0.0500626	4.8642e-07
0.0505959	4.72407e-07
0.0511349	4.58798e-07
0.0516796	4.44579e-07
0.0522302	4.31771e-07
0.0527866	4.19333e-07
0.0533489	4.06337e-07
0.0539172	3.94631e-07
0.0544916	3.82401e-07
0.0550721	3.71385e-07
0.0556588	3.60686e-07
0.0562517	3.49508e-07
0.056851	3.39439e-07
0.0574566	3.2892e-07
0.0580687	3.19444e-07
0.0586873	3.09544e-07
0.0593125	3.00627e-07
0.0599443	2.9131e-07
0.0605829	2.82918e-07
0.0612283	2.7415e-07
0.0618806	2.66252e-07
0.0625398	2.58001e-07
0.063206	2.50568e-07
0.0638794	2.42803e-07
0.0645599	2.35808e-07
0.0652476	2.285e-07
0.0659427	2.21917e-07
0.0666452	2.1504e-07
0.0673551	2.08845e-07
0.0680727	2.02373e-07
0.0687979	1.96101e-07
0.0695308	1.90452e-07
0.0702715	1.8455e-07
0.0710201	1.79233e-07
0.0717766	1.73679e-07
0.0725413	1.68296e-07
0.0733141	1.63448e-07
0.0740951	1.58382e-07
0.0748844	1.53474e-07
0.0756821	1.48718e-07
0.0764884	1.44434e-07
0.0773032	1.39957e-07
0.0781267	1.3562e-07
0.078959	1.31417e-07
0.0798002	1.27631e-07
0.0806503	1.23676e-07
0.0815094	1.19843e-07
0.0823778	1.16129e-07
0.0832553	1.12784e-07
0.0841422	1.09288e-07
0.0850386	1.05902e-07
0.0859445	1.0262e-07
0.0868601	9.94394e-08
0.0877854	9.65747e-08
0.0887206	9.35818e-08
0.0896657	9.06817e-08
0.0906209	8.78714e-08
0.0915863	8.51483e-08
0.092562	8.25095e-08
0.093548	8.01325e-08
0.0945446	7.76492e-08
0.0955518	7.52428e-08
0.0965697	7.2911e-08
0.0975984	7.06515e-08
0.0986382	6.84619e-08
0.0996889	6.64896e-08
0.100751	6.44291e-08
0.101824	6.24324e-08
0.102909	6.04976e-08
0.104005	5.87547e-08
0.105113	5.69339e-08
0.106233	5.51695e-08
0.107365	5.34598e-08
0.108508	5.18031e-08
0.109664	5.03107e-08
0.110833	4.87515e-08
0.112013	4.72407e-08
0.113207	4.57767e-08
0.114413	4.44579e-08
0.115631	4.30802e-08
0.116863	4.17451e-08
0.118108	4.04514e-08
0.119366	3.91978e-08
0.120638	3.79831e-08
0.121923	3.68888e-08
0.123222	3.56653e-08
0.124535	3.456e-08
0.125861	3.3489e-08
0.127202	3.24512e-08
0.128557	3.14455e-08
0.129927	3.04026e-08
0.131311	2.94604e-08
0.13271	2.84833e-08
0.134123	2.75386e-08
0.135552	2.66252e-08
0.136996	2.56266e-08
0.138456	2.42803e-08
0.139931	2.25946e-08
0.141421	2.06046e-08
0.142928	1.85382e-08
0.144451	1.64554e-08
0.145989	1.45738e-08
0.147545	1.28784e-08
0.149116	1.14059e-08
0.150705	1.01244e-08
0.15231	9.02748e-09
0.153933	8.10385e-09
0.155573	7.30751e-09
0.15723	6.60426e-09
0.158905	6.00909e-09
0.160598	5.4922e-09
0.162309	5.03107e-09
0.164038	4.62943e-09
0.165785	4.27905e-09
0.167551	3.9552e-09
0.169336	3.68059e-09
0.17114	3.42506e-09
0.172963	3.20163e-09
0.174806	2.99278e-09
0.176668	2.81016e-09
0.17855	2.63868e-09
0.180452	2.48324e-09
0.182375	2.34223e-09
0.184317	2.21419e-09
0.186281	2.09786e-09
0.188265	1.98765e-09
0.190271	1.88323e-09
0.192298	1.79233e-09
0.194347	1.70199e-09
0.196417	1.62349e-09
0.198509	1.54861e-09
0.200624	1.49388e-09
0.202761	1.42498e-09
0.204921	1.36231e-09
0.207104	1.30534e-09
0.209311	1.25074e-09
0.21154	1.19843e-09
0.213794	1.14831e-09
0.216071	1.10276e-09
0.218373	1.05902e-09
0.2207	1.01701e-09
0.223051	9.78865e-10
0.225427	9.42152e-10
0.227828	9.06817e-10
0.230255	8.72806e-10
0.232708	8.41963e-10
0.235187	8.12209e-10
0.237693	7.83507e-10
0.240225	7.55819e-10
0.242784	7.2911e-10
0.24537	6.87705e-10
0.247984	6.15958e-10
0.250626	5.74483e-10
0.253296	5.40642e-10
0.255994	5.11088e-10
0.258721	4.85328e-10
0.261478	4.61903e-10
0.264263	4.40598e-10
0.267078	4.21223e-10
0.269923	4.02699e-10
0.272799	3.85856e-10
0.275705	3.70551e-10
0.278642	3.55852e-10
0.281611	3.42506e-10
0.284611	3.2966e-10
0.287642	3.1801e-10
0.290707	3.06772e-10
0.293804	2.95932e-10
0.296933	2.86117e-10
0.300097	2.76627e-10
0.303294	2.67452e-10
0.306525	2.59164e-10
0.30979	2.51132e-10
0.31309	2.43897e-10
0.316426	2.36871e-10
0.319796	2.30047e-10
0.323203	2.2342e-10
0.326646	2.17471e-10
0.330126	2.12158e-10
0.333643	2.06975e-10
0.337197	2.01918e-10
0.340789	1.97429e-10
0.34442	1.93039e-10
0.348089	1.89171e-10
0.351797	1.85799e-10
0.355545	1.82897e-10
0.359332	1.80446e-10
0.36316	1.7883e-10
0.367029	1.78028e-10
0.370939	1.78429e-10
0.374891	1.80852e-10
0.378884	1.87478e-10
0.382921	2.03743e-10
0.387	2.79755e-10
0.391122	5.54026e-06
0.395289	5.38368e-06
0.3995	5.24035e-06
0.403756	5.09224e-06
0.408057	4.95667e-06
0.412404	4.82472e-06
0.416798	4.69627e-06
0.421238	4.57124e-06
0.425725	4.44954e-06
0.43026	4.33108e-06
0.434844	4.21578e-06
0.439476	4.11047e-06
0.444158	4.00104e-06
0.44889	3.89452e-06
0.453672	3.79724e-06
0.458505	3.69615e-06
0.463389	3.60382e-06
0.468325	3.51379e-06
0.473315	3.42025e-06
0.478357	3.33481e-06
0.483453	3.25151e-06
0.488603	3.17029e-06
0.493808	3.08589e-06
0.499068	3.0088e-06
0.504385	2.93364e-06
0.509758	2.86036e-06
0.515189	2.78891e-06
0.520677	2.71924e-06
0.526224	2.65579e-06
0.53183	2.58945e-06
0.537495	2.52477e-06
0.543221	2.4617e-06
0.549008	2.40021e-06
0.554857	2.34025e-06
0.560767	2.28565e-06
0.566741	2.22855e-06
0.572779	2.17288e-06
0.578881	2.12218e-06
0.585047	2.06917e-06
0.59128	2.01748e-06
0.597579	1.97041e-06
0.603945	1.92119e-06
0.610379	1.87636e-06
0.616881	1.82949e-06
0.623453	1.7868e-06
0.630094	1.74216e-06
0.636807	1.70151e-06
0.64359	1.65901e-06
0.650447	1.6203e-06
0.657376	1.57982e-06
0.664379	1.54296e-06
0.671456	1.50442e-06
0.678609	1.46931e-06
0.685839	1.43261e-06
0.693145	1.39918e-06
0.700529	1.36653e-06
0.707992	1.3324e-06
0.715534	1.30131e-06
0.723156	1.2688e-06
0.73086	1.23919e-06
0.738646	1.21028e-06
0.746515	1.18005e-06
0.754467	1.15251e-06
0.762505	1.12372e-06
0.770628	1.0975e-06
0.778837	1.07189e-06
0.787134	1.04512e-06
0.795519	1.02073e-06
0.803994	9.96913e-07
0.812559	9.7201e-07
0.821215	9.4933e-07
0.829964	9.27178e-07
0.838805	9.04017e-07
0.847741	8.82923e-07
0.856772	8.62321e-07
0.865899	8.422e-07
0.875123	8.21162e-07
0.884446	8.02001e-07
0.893868	7.83287e-07
0.90339	7.6501e-07
0.913014	7.47159e-07
0.922741	7.29725e-07
0.932571	7.12698e-07
0.942505	6.96068e-07
0.952546	6.79826e-07
0.962693	6.63963e-07
0.972949	6.4847e-07
0.983313	6.33338e-07
0.993789	6.18821e-07
1.00438	6.04211e-07
1.01508	5.90777e-07
1.02589	5.76829e-07
1.03682	5.63211e-07
1.04786	5.50688e-07
1.05903	5.37687e-07
1.07031	5.24993e-07
1.08171	5.1332e-07
1.09323	5.01201e-07
1.10488	4.90057e-07
1.11665	4.7916e-07
1.12854	4.67848e-07
1.14057	4.57445e-07
1.15272	4.46646e-07
1.165	4.36715e-07
1.17741	4.27004e-07
1.18995	4.1751e-07
1.20263	4.08226e-07
1.21544	3.99149e-07
1.22839	3.90274e-07
1.24147	3.81596e-07
1.2547	3.73111e-07
1.26806	3.64815e-07
1.28157	3.56703e-07
1.29523	3.48772e-07
1.30902	3.41496e-07
1.32297	3.33903e-07
1.33706	3.26938e-07
1.35131	3.19668e-07
1.3657	3.13e-07
1.38025	3.06471e-07
1.39495	3.00078e-07
1.40981	2.93818e-07
1.42483	2.87689e-07
1.44001	2.81688e-07
1.45535	2.75812e-07
1.47086	2.70438e-07
1.48653	2.65169e-07
1.50236	2.60003e-07
1.51837	2.54937e-07
1.53454	2.4997e-07
1.55089	2.45445e-07
1.56741	2.41001e-07
1.58411	2.36638e-07
1.60098	2.32354e-07
1.61804	2.28468e-07
1.63528	2.24963e-07
1.6527	2.21512e-07
1.6703	2.18114e-07
1.6881	2.15373e-07
1.70608	2.12965e-07
1.72425	2.1088e-07
1.74262	2.09403e-07
1.76119	2.08816e-07
1.77995	2.09403e-07
1.79891	2.12367e-07
1.81807	2.20271e-07
1.83744	2.42701e-07
1.85702	4.65136e-07
1.85702	6.33138e-07
1.83744	1.14734e-06
1.81807	1.33315e-06
1.79891	1.48509e-06
1.77995	1.63218e-06
1.76119	1.78178e-06
1.74262	1.93854e-06
1.72425	2.102e-06
1.70608	2.27539e-06
1.6881	2.45894e-06
1.6703	2.65281e-06
1.6527	2.86197e-06
1.63528	3.08762e-06
1.61804	3.32545e-06
1.60098	3.5816e-06
1.58411	3.85098e-06
1.56741	4.14761e-06
1.55089	4.45956e-06
1.53454	4.79497e-06
1.51837	5.15561e-06
1.50236	5.54338e-06
1.48653	5.95026e-06
1.47086	6.39779e-06
1.45535	6.87899e-06
1.44001	7.38391e-06
1.42483	7.93926e-06
1.40981	8.52201e-06
1.39495	9.16297e-06
1.38025	9.83553e-06
1.3657	1.05753e-05
1.35131	1.13515e-05
1.33706	1.22053e-05
1.32297	1.31012e-05
1.30902	1.40865e-05
1.29523	1.5146e-05
1.28157	1.62577e-05
1.26806	1.74805e-05
1.2547	1.87952e-05
1.24147	2.02089e-05
1.22839	2.17288e-05
1.21544	2.33631e-05
1.20263	2.51627e-05
1.18995	2.70552e-05
1.17741	2.91392e-05
1.165	3.13308e-05
1.15272	3.37441e-05
1.14057	3.63433e-05
1.12854	3.91428e-05
1.11665	4.21578e-05
1.10488	4.54051e-05
1.09323	4.89025e-05
1.08171	5.26693e-05
1.07031	5.6822e-05
1.05903	6.11988e-05
1.04786	6.59128e-05
1.03682	7.09899e-05
1.02589	7.6458e-05
1.01508	8.23473e-05
1.00438	8.86903e-05
0.993789	9.5683e-05
0.983313	0.000103082
0.972949	0.000111022
0.962693	0.000119574
0.952546	0.000129074
0.942505	0.000139017
0.932571	0.000150399
0.922741	0.000162349
0.913014	0.000175642
0.90339	0.000190024
0.893868	0.000206046
0.884446	0.000224932
0.875123	0.000246101
0.865899	0.000261505
0.856772	0.000278499
0.847741	0.000296598
0.838805	0.000315872
0.829964	0.0003364
0.821215	0.000357456
0.812559	0.000380686
0.803994	0.000404514
0.795519	0.000429834
0.787134	0.000456739
0.778837	0.000484238
0.770628	0.000514548
0.762505	0.000545527
0.754467	0.000579674
0.746515	0.000614574
0.738646	0.000651576
0.73086	0.00069236
0.723156	0.000734045
0.715534	0.00077824
0.707992	0.000825095
0.700529	0.000876741
0.693145	0.000929526
0.685839	0.00098549
0.678609	0.00104482
0.671456	0.00110773
0.664379	0.00117442
0.657376	0.00124513
0.650447	0.0013201
0.64359	0.00139957
0.636807	0.00148051
0.630094	0.00156964
0.623453	0.00166415
0.616881	0.00176434
0.610379	0.00187056
0.603945	0.00198319
0.597579	0.00210259
0.59128	0.00222417
0.585047	0.00235278
0.578881	0.00249444
0.572779	0.00263868
0.566741	0.00279755
0.560767	0.00295932
0.554857	0.00313044
0.549008	0.00331891
0.543221	0.00351083
0.537495	0.00372221
0.53183	0.00393745
0.526224	0.00416513
0.520677	0.0044159
0.515189	0.00467126
0.509758	0.0049525
0.504385	0.00525067
0.499068	0.00555429
0.493808	0.0058887
0.488603	0.00622922
0.483453	0.00660426
0.478357	0.00700188
0.473315	0.00742344
0.468325	0.00785271
0.463389	0.0083255
0.458505	0.00882675
0.453672	0.00935818
0.44889	0.00992161
0.444158	0.010519
0.439476	0.0111774
0.434844	0.0118503
0.43026	0.0125638
0.425725	0.0133502
0.421238	0.014154
0.416798	0.0150399
0.412404	0.0159813
0.408057	0.0169817
0.403756	0.0180446
0.3995	0.0191741
0.395289	0.0203743
0.391122	0.0216496
0.387	0.0559189
0.382921	0.0606338
0.378884	0.0648652
0.374891	0.0690805
0.370939	0.0735697
0.367029	0.0783507
0.36316	0.083255
0.359332	0.0886653
0.355545	0.0944273
0.351797	0.100564
0.348089	0.10734
0.34442	0.114316
0.340789	0.122019
0.337197	0.130241
0.333643	0.139017
0.330126	0.148384
0.326646	0.158739
0.323203	0.169817
0.319796	0.181668
0.316426	0.194783
0.31309	0.208845
0.30979	0.223922
0.306525	0.240629
0.303294	0.258582
0.300097	0.277874
0.296933	0.299951
0.293804	0.323056
0.290707	0.348723
0.287642	0.377277
0.284611	0.408169
0.281611	0.442584
0.278642	0.480982
0.275705	0.523888
0.272799	0.570621
0.269923	0.622922
0.267078	0.683082
0.264263	0.750738
0.261478	0.826952
0.258721	0.91501
0.255994	1
0.253296	1
0.250626	1
0.247984	1
0.24537	1
0.242784	1
0.240225	1
0.237693	1
0.235187	1
0.232708	1
0.230255	1
0.227828	1
0.225427	1
0.223051	1
0.2207	1
0.218373	1
0.216071	1
0.213794	1
0.21154	1
0.209311	1
0.207104	1
0.204921	1
0.202761	1
0.200624	1
0.198509	1
0.196417	1
0.194347	1
0.192298	1
0.190271	1
0.188265	1
0.186281	1
0.184317	1
0.182375	1
0.180452	1
0.17855	1
0.176668	1
0.174806	1
0.172963	1
0.17114	1
0.169336	1
0.167551	1
0.165785	1
0.164038	1
0.162309	1
0.160598	1
0.158905	1
0.15723	1
0.155573	1
0.153933	1
0.15231	1
0.150705	1
0.149116	1
0.147545	1
0.145989	1
0.144451	1
0.142928	1
0.141421	1
0.139931	1
0.138456	1
0.136996	1
0.135552	1
0.134123	1
0.13271	1
0.131311	1
0.129927	1
0.128557	1
0.127202	1
0.125861	1
0.124535	1
0.123222	1
0.121923	1
0.120638	1
0.119366	1
0.118108	1
0.116863	1
0.115631	1
0.114413	1
0.113207	1
0.112013	1
0.110833	1
0.109664	1
0.108508	1
0.107365	1
0.106233	1
0.105113	1
0.104005	1
0.102909	1
0.101824	1
0.100751	1
0.0996889	1
0.0986382	1
0.0975984	1
0.0965697	1
0.0955518	1
0.0945446	1
0.093548	1
0.092562	1
0.0915863	1
0.0906209	1
0.0896657	1
0.0887206	1
0.0877854	1
0.0868601	1
0.0859445	1
0.0850386	1
0.0841422	1
0.0832553	1
0.0823778	1
0.0815094	1
0.0806503	1
0.0798002	1
0.078959	1
0.0781267	1
0.0773032	1
0.0764884	1
0.0756821	1
0.0748844	1
0.0740951	1
0.0733141	1
0.0725413	1
0.0717766	1
0.0710201	1
0.0702715	1
0.0695308	1
0.0687979	1
0.0680727	1
0.0673551	1
0.0666452	1
0.0659427	1
0.0652476	1
0.0645599	1
0.0638794	1
0.063206	1
0.0625398	1
0.0618806	1
0.0612283	1
0.0605829	1
0.0599443	1
0.0593125	1
0.0586873	1
0.0580687	1
0.0574566	1
0.056851	1
0.0562517	1
0.0556588	1
0.0550721	1
0.0544916	1
0.0539172	1
0.0533489	1
0.0527866	1
0.0522302	1
0.0516796	1
0.0511349	1
0.0505959	1
0.0500626	1
0.0495349	1
0.0490127	1
0.0484961	1
0.0479849	1
0.0474791	1
0.0469787	1
0.0464835	1
0.0459935	1
0.0455087	1
0.045029	1
0.0445544	1
0.0440848	1
0.0436201	1
0.0431603	1
0.0427053	1
0.0422552	1
0.0418098	1
0.0413691	1
0.040933	1
0.0405016	1
0.0400747	1
0.0396522	1
0.0392343	1
0.0388207	1
0.0384115	1
0.0380066	1
0.037606	1
0.0372096	1
0.0368174	1
0.0364293	1
0.0360454	1
0.0356654	1
0.0352895	1
0.0349175	1
0.0345494	1
0.0341853	1
0.0338249	1
0.0334684	1
0.0331156	1
0.0327666	1
0.0324212	1
0.0320794	1
0.0317413	1
0.0314067	1
0.0310757	1
0.0307481	1
0.030424	1
0.0301033	1
0.029786	1
0.029472	1
0.0291614	1
0.028854	1
0.0285499	1
0.0282489	1
0.0279512	1
0.0276565	1
0.027365	1
0.0270766	1
0.0267912	1
0.0265088	1
0.0262293	1
0.0259529	1
0.0256793	1
0.0254086	1
0.0251408	1
0.0248758	1
0.0246136	1
0.0243542	1
0.0240974	1
0.0238434	1
0.0235921	1
0.0233434	1
0.0230974	1
0.0228539	1
0.022613	1
0.0223747	1
0.0221388	1
0.0219055	1
0.0216746	1
0.0214461	1
0.02122	1
0.0209964	1
0.0207751	1
0.0205561	1
0.0203394	1
0.020125	1
0.0199129	1
0.019703	1
0.0194953	1
0.0192898	1
0.0190865	1
0.0188853	1
0.0186862	1
0.0184893	1
0.0182944	1
0.0181015	1
0.0179107	1
0.0177219	1
0.0175351	1
0.0173503	1
0.0171674	1
0.0169865	1
0.0168074	1
0.0166303	1
0.016455	1
0.0162815	1
0.0161099	1
0.0159401	1
0.0157721	1
0.0156058	1
0.0154413	1
0.0152786	1
0.0151175	1
0.0149582	1
0.0148005	1
0.0146445	1
0.0144901	1
0.0143374	1
0.0141863	1
0.0140367	1
0.0138888	1
0.0137424	1
0.0135975	1
0.0134542	1
0.0133124	1
0.0131721	1
0.0130332	1
0.0128958	1
0.0127599	1
0.0126254	1
0.0124923	1
0.0123606	1
0.0122304	1
0.0121014	1
0.0119739	1
0.0118477	1
0.0117228	1
0.0115992	1
0.011477	1
0.011356	1
0.0112363	1
0.0111178	1
0.0110007	1
0.0108847	1
0.01077	1
0.0106564	1
0.0105441	1
0.010433	1
0.010323	1
0.0102142	1
0.0101065	1
0.01	1
0.01	6.84619e-06


