#Mass	Ue	Um	Events
0.01	2.71695e-06
0.0101065	2.62684e-06
0.0102142	2.54543e-06
0.010323	2.46101e-06
0.010433	2.38474e-06
0.0105441	2.31084e-06
0.0106564	2.2342e-06
0.01077	2.16496e-06
0.0108847	2.09315e-06
0.0110007	2.02828e-06
0.0111178	1.96101e-06
0.0112363	1.90024e-06
0.011356	1.83722e-06
0.011477	1.78028e-06
0.0115992	1.72123e-06
0.0117228	1.66789e-06
0.0118477	1.61257e-06
0.0119739	1.5626e-06
0.0121014	1.51077e-06
0.0122304	1.46395e-06
0.0123606	1.41859e-06
0.0124923	1.37154e-06
0.0126254	1.32605e-06
0.0127599	1.28495e-06
0.0128958	1.24513e-06
0.0130332	1.20383e-06
0.0131721	1.16653e-06
0.0133124	1.12784e-06
0.0134542	1.09288e-06
0.0135975	1.05664e-06
0.0137424	1.02389e-06
0.0138888	9.89932e-07
0.0140367	9.59254e-07
0.0141863	9.27439e-07
0.0143374	8.98697e-07
0.0144901	8.6889e-07
0.0146445	8.41963e-07
0.0148005	8.14038e-07
0.0149582	7.8881e-07
0.0151175	7.62648e-07
0.0152786	7.39013e-07
0.0154413	7.14503e-07
0.0156058	6.9236e-07
0.0157721	6.70904e-07
0.0159401	6.48652e-07
0.0161099	6.2855e-07
0.0162815	6.07703e-07
0.016455	5.8887e-07
0.0166303	5.69339e-07
0.0168074	5.51695e-07
0.0169865	5.33397e-07
0.0171674	5.16867e-07
0.0173503	4.99724e-07
0.0175351	4.84238e-07
0.0177219	4.68177e-07
0.0179107	4.53668e-07
0.0181015	4.39609e-07
0.0182944	4.25028e-07
0.0184893	4.11857e-07
0.0186862	3.98197e-07
0.0188853	3.85856e-07
0.0190865	3.73059e-07
0.0192898	3.61498e-07
0.0194953	3.50295e-07
0.019703	3.38677e-07
0.0199129	3.28181e-07
0.020125	3.17296e-07
0.0203394	3.07463e-07
0.0205561	2.97935e-07
0.0207751	2.88053e-07
0.0209964	2.79126e-07
0.02122	2.70476e-07
0.0214461	2.61505e-07
0.0216746	2.53401e-07
0.0219055	2.45548e-07
0.0221388	2.37939e-07
0.0223747	2.30565e-07
0.022613	2.22918e-07
0.0228539	2.16009e-07
0.0230974	2.09315e-07
0.0233434	2.02828e-07
0.0235921	1.96543e-07
0.0238434	1.90452e-07
0.0240974	1.8455e-07
0.0243542	1.7883e-07
0.0246136	1.73288e-07
0.0248758	1.67918e-07
0.0251408	1.62714e-07
0.0254086	1.58027e-07
0.0256793	1.53129e-07
0.0259529	1.48718e-07
0.0262293	1.44109e-07
0.0265088	1.39957e-07
0.0267912	1.3562e-07
0.0270766	1.31713e-07
0.027365	1.27919e-07
0.0276565	1.24233e-07
0.0279512	1.20654e-07
0.0282489	1.17178e-07
0.0285499	1.14059e-07
0.028854	1.11022e-07
0.0291614	1.08067e-07
0.029472	1.0519e-07
0.029786	1.02389e-07
0.0301033	9.98876e-08
0.030424	9.74472e-08
0.0307481	9.52805e-08
0.0310757	9.31619e-08
0.0314067	9.12955e-08
0.0317413	8.96678e-08
0.0320794	8.82675e-08
0.0324212	8.70846e-08
0.0327666	8.64991e-08
0.0331156	8.64991e-08
0.0334684	8.78714e-08
0.0338249	9.37925e-08
0.0341853	9.94394e-08
0.0345494	9.5495e-08
0.0349175	9.1707e-08
0.0352895	8.80692e-08
0.0356654	8.45758e-08
0.0360454	8.12209e-08
0.0364293	7.79991e-08
0.0368174	7.49052e-08
0.0372096	7.19339e-08
0.037606	6.90805e-08
0.0380066	6.64896e-08
0.0384115	6.38522e-08
0.0388207	6.13194e-08
0.0392343	5.8887e-08
0.0396522	5.65511e-08
0.0400747	5.43079e-08
0.0405016	5.21537e-08
0.040933	5.00849e-08
0.0413691	4.82065e-08
0.0418098	4.62943e-08
0.0422552	4.44579e-08
0.0427053	4.26944e-08
0.0431603	4.10932e-08
0.0436201	3.94631e-08
0.0440848	3.78977e-08
0.0445544	3.63944e-08
0.045029	3.50295e-08
0.0455087	3.364e-08
0.0459935	3.23783e-08
0.0464835	3.10939e-08
0.0469787	2.98605e-08
0.0474791	2.87406e-08
0.0479849	2.76006e-08
0.0484961	2.65654e-08
0.0490127	2.55691e-08
0.0495349	2.45548e-08
0.0500626	2.36339e-08
0.0505959	2.26964e-08
0.0511349	2.18452e-08
0.0516796	2.10259e-08
0.0522302	2.02373e-08
0.0527866	1.94345e-08
0.0533489	1.87056e-08
0.0539172	1.80041e-08
0.0544916	1.73288e-08
0.0550721	1.66789e-08
0.0556588	1.60534e-08
0.0562517	1.54513e-08
0.056851	1.48718e-08
0.0574566	1.4314e-08
0.0580687	1.37772e-08
0.0586873	1.32903e-08
0.0593125	1.27919e-08
0.0599443	1.23121e-08
0.0605829	1.1877e-08
0.0612283	1.14316e-08
0.0618806	1.10276e-08
0.0625398	1.0614e-08
0.063206	1.02389e-08
0.0638794	9.8549e-09
0.0645599	9.50665e-09
0.0652476	9.1707e-09
0.0659427	8.84662e-09
0.0666452	8.53399e-09
0.0673551	8.23242e-09
0.0680727	7.9415e-09
0.0687979	7.66086e-09
0.0695308	7.40677e-09
0.0702715	7.14503e-09
0.0710201	6.89253e-09
0.0717766	6.66393e-09
0.0725413	6.42844e-09
0.0733141	6.21523e-09
0.0740951	6.00909e-09
0.0748844	5.80979e-09
0.0756821	5.61709e-09
0.0764884	5.43079e-09
0.0773032	5.26249e-09
0.0781267	5.08795e-09
0.078959	4.9192e-09
0.0798002	4.76675e-09
0.0806503	4.61903e-09
0.0815094	4.47588e-09
0.0823778	4.33718e-09
0.0832553	4.20277e-09
0.0841422	4.08169e-09
0.0850386	3.9552e-09
0.0859445	3.84125e-09
0.0868601	3.73059e-09
0.0877854	3.62311e-09
0.0887206	3.52666e-09
0.0896657	3.42506e-09
0.0906209	3.33387e-09
0.0915863	3.24512e-09
0.092562	3.16584e-09
0.093548	3.08155e-09
0.0945446	3.00627e-09
0.0955518	2.93282e-09
0.0965697	2.86761e-09
0.0975984	2.80384e-09
0.0986382	2.7415e-09
0.0996889	2.68658e-09
0.100751	2.63275e-09
0.101824	2.58001e-09
0.102909	2.53401e-09
0.104005	2.48883e-09
0.105113	2.44997e-09
0.106233	2.41713e-09
0.107365	2.38474e-09
0.108508	2.35808e-09
0.109664	2.33172e-09
0.110833	2.31084e-09
0.112013	2.2953e-09
0.113207	2.285e-09
0.114413	2.27987e-09
0.115631	2.27987e-09
0.116863	2.285e-09
0.118108	2.30047e-09
0.119366	2.32125e-09
0.120638	2.35278e-09
0.121923	2.39011e-09
0.123222	2.44446e-09
0.124535	2.51132e-09
0.125861	2.59164e-09
0.127202	2.69869e-09
0.128557	2.82918e-09
0.129927	2.98605e-09
0.131311	3.18726e-09
0.13271	3.43277e-09
0.134123	3.72221e-09
0.135552	4.05425e-09
0.136996	4.35673e-09
0.138456	4.53668e-09
0.139931	4.44579e-09
0.141421	4.10009e-09
0.142928	3.63944e-09
0.144451	3.17296e-09
0.145989	2.75386e-09
0.147545	2.39549e-09
0.149116	2.10259e-09
0.150705	1.85799e-09
0.15231	1.65296e-09
0.153933	1.48051e-09
0.155573	1.33803e-09
0.15723	1.21198e-09
0.158905	1.10524e-09
0.160598	1.01472e-09
0.162309	9.33716e-10
0.164038	8.6111e-10
0.165785	7.99525e-10
0.167551	7.42344e-10
0.169336	6.9236e-10
0.17114	6.47195e-10
0.172963	6.06338e-10
0.174806	5.69339e-10
0.176668	5.34598e-10
0.17855	5.04239e-10
0.180452	4.75605e-10
0.182375	4.49606e-10
0.184317	4.25985e-10
0.186281	4.03605e-10
0.188265	3.83262e-10
0.190271	3.63944e-10
0.192298	3.46378e-10
0.194347	3.2966e-10
0.196417	3.13749e-10
0.198509	2.99951e-10
0.200624	2.9131e-10
0.202761	2.78499e-10
0.204921	2.66252e-10
0.207104	2.54543e-10
0.209311	2.43897e-10
0.21154	2.33697e-10
0.213794	2.24427e-10
0.216071	2.1504e-10
0.218373	2.0651e-10
0.2207	1.98319e-10
0.223051	1.90881e-10
0.225427	1.83722e-10
0.227828	1.76831e-10
0.230255	1.70199e-10
0.232708	1.63816e-10
0.235187	1.58027e-10
0.237693	1.52442e-10
0.240225	1.47055e-10
0.242784	1.41859e-10
0.24537	1.35925e-10
0.247984	1.27059e-10
0.250626	1.20926e-10
0.253296	1.15348e-10
0.255994	1.10524e-10
0.258721	1.05902e-10
0.261478	1.01472e-10
0.264263	9.76666e-11
0.267078	9.37925e-11
0.269923	9.02748e-11
0.272799	8.70846e-11
0.275705	8.40072e-11
0.278642	8.10385e-11
0.281611	7.83507e-11
0.284611	7.57521e-11
0.287642	7.34045e-11
0.290707	7.09699e-11
0.293804	6.89253e-11
0.296933	6.67893e-11
0.300097	6.48652e-11
0.303294	6.29965e-11
0.306525	6.13194e-11
0.30979	5.96869e-11
0.31309	5.82286e-11
0.316426	5.6806e-11
0.319796	5.54182e-11
0.323203	5.4186e-11
0.326646	5.29811e-11
0.330126	5.19197e-11
0.333643	5.08795e-11
0.337197	4.99724e-11
0.340789	4.90815e-11
0.34442	4.8315e-11
0.348089	4.75605e-11
0.351797	4.70287e-11
0.355545	4.65029e-11
0.359332	4.60866e-11
0.36316	4.57767e-11
0.367029	4.56739e-11
0.370939	4.56739e-11
0.374891	4.58798e-11
0.378884	4.63985e-11
0.382921	4.74536e-11
0.387	4.99724e-11
0.391122	5.27434e-11
0.395289	5.27434e-11
0.3995	5.27434e-11
0.403756	5.40642e-11
0.408057	5.44302e-11
0.412404	5.4922e-11
0.416798	5.5668e-11
0.421238	5.66785e-11
0.425725	5.79674e-11
0.43026	5.95528e-11
0.434844	6.14574e-11
0.439476	6.39959e-11
0.444158	6.72414e-11
0.44889	7.12898e-11
0.453672	7.66086e-11
0.458505	8.34424e-11
0.463389	9.29526e-11
0.468325	1.06618e-10
0.473315	1.27345e-10
0.478357	1.62349e-10
0.483453	2.33172e-10
0.488603	4.51632e-10
0.493808	2.28051e-08
0.499068	2.20116e-08
0.504385	2.12815e-08
0.509758	2.0541e-08
0.515189	1.98597e-08
0.520677	1.91687e-08
0.526224	1.85329e-08
0.53183	1.79183e-08
0.537495	1.72948e-08
0.543221	1.67212e-08
0.549008	1.61666e-08
0.554857	1.5604e-08
0.560767	1.50865e-08
0.566741	1.45861e-08
0.572779	1.41024e-08
0.578881	1.36346e-08
0.585047	1.31824e-08
0.59128	1.27237e-08
0.597579	1.23017e-08
0.603945	1.18937e-08
0.610379	1.14992e-08
0.616881	1.11178e-08
0.623453	1.07491e-08
0.630094	1.03926e-08
0.636807	1.00479e-08
0.64359	9.72284e-09
0.650447	9.40036e-09
0.657376	9.08858e-09
0.664379	8.78714e-09
0.671456	8.4957e-09
0.678609	8.23242e-09
0.685839	7.95937e-09
0.693145	7.69539e-09
0.700529	7.44016e-09
0.707992	7.20958e-09
0.715534	6.97046e-09
0.723156	6.73928e-09
0.73086	6.53042e-09
0.738646	6.31383e-09
0.746515	6.11816e-09
0.754467	5.91524e-09
0.762505	5.73193e-09
0.770628	5.54182e-09
0.778837	5.37008e-09
0.787134	5.19197e-09
0.795519	5.01977e-09
0.803994	4.85328e-09
0.812559	4.69231e-09
0.821215	4.53668e-09
0.829964	4.37636e-09
0.838805	4.23121e-09
0.847741	4.08169e-09
0.856772	3.94631e-09
0.865899	3.80686e-09
0.875123	3.67233e-09
0.884446	3.52666e-09
0.893868	3.37916e-09
0.90339	3.24512e-09
0.913014	3.12341e-09
0.922741	3.00627e-09
0.932571	2.89352e-09
0.942505	2.78499e-09
0.952546	2.68658e-09
0.962693	2.59164e-09
0.972949	2.50005e-09
0.983313	2.41171e-09
0.993789	2.32648e-09
1.00438	2.24932e-09
1.01508	2.16983e-09
1.02589	2.09786e-09
1.03682	2.03285e-09
1.04786	1.96543e-09
1.05903	1.90452e-09
1.07031	1.8455e-09
1.08171	1.7883e-09
1.09323	1.73288e-09
1.10488	1.67918e-09
1.11665	1.63081e-09
1.12854	1.58382e-09
1.14057	1.5382e-09
1.15272	1.49388e-09
1.165	1.45411e-09
1.17741	1.4154e-09
1.18995	1.37772e-09
1.20263	1.34104e-09
1.21544	1.30828e-09
1.22839	1.27345e-09
1.24147	1.24233e-09
1.2547	1.21471e-09
1.26806	1.18503e-09
1.28157	1.15868e-09
1.29523	1.13292e-09
1.30902	1.11022e-09
1.32297	1.08798e-09
1.33706	1.06618e-09
1.35131	1.04482e-09
1.3657	1.0262e-09
1.38025	1.01017e-09
1.39495	9.92161e-10
1.40981	9.76666e-10
1.42483	9.63578e-10
1.44001	9.50665e-10
1.45535	9.37925e-10
1.47086	9.29526e-10
1.48653	9.19134e-10
1.50236	9.12955e-10
1.51837	9.06817e-10
1.53454	9.0072e-10
1.55089	8.98697e-10
1.56741	8.96678e-10
1.58411	8.98697e-10
1.60098	9.0072e-10
1.61804	9.06817e-10
1.63528	9.1501e-10
1.6527	9.25355e-10
1.6703	9.40036e-10
1.6881	9.59254e-10
1.70608	9.83277e-10
1.72425	1.01244e-09
1.74262	1.0519e-09
1.76119	1.09781e-09
1.77995	1.15868e-09
1.79891	1.23676e-09
1.81807	1.33803e-09
1.83744	1.47386e-09
1.85702	1.66415e-09
1.8768	1.94345e-09
1.89679	2.39011e-09
1.917	3.20884e-09
1.93742	5.16867e-09
1.95806	1.58862e-08
1.95806	8.92529e-07
1.93742	1.31713e-06
1.917	1.56964e-06
1.89679	1.78429e-06
1.8768	1.98319e-06
1.85702	2.17961e-06
1.83744	2.37404e-06
1.81807	2.58001e-06
1.79891	2.79126e-06
1.77995	3.00627e-06
1.76119	3.23783e-06
1.74262	3.47158e-06
1.72425	3.73059e-06
1.70608	3.99093e-06
1.6881	4.27905e-06
1.6703	4.56739e-06
1.6527	4.88613e-06
1.63528	5.21537e-06
1.61804	5.5668e-06
1.60098	5.94191e-06
1.58411	6.34229e-06
1.56741	6.75445e-06
1.55089	7.20958e-06
1.53454	7.6781e-06
1.51837	8.17707e-06
1.50236	8.70846e-06
1.48653	9.29526e-06
1.47086	9.89932e-06
1.45535	1.05426e-05
1.44001	1.12278e-05
1.42483	1.19574e-05
1.40981	1.27345e-05
1.39495	1.35316e-05
1.38025	1.44109e-05
1.3657	1.53474e-05
1.35131	1.63816e-05
1.33706	1.74461e-05
1.32297	1.85799e-05
1.30902	1.97873e-05
1.29523	2.10732e-05
1.28157	2.24427e-05
1.26806	2.39549e-05
1.2547	2.55116e-05
1.24147	2.71695e-05
1.22839	2.90003e-05
1.21544	3.09544e-05
1.20263	3.2966e-05
1.18995	3.51874e-05
1.17741	3.75584e-05
1.165	4.00892e-05
1.15272	4.27905e-05
1.14057	4.56739e-05
1.12854	4.87515e-05
1.11665	5.20366e-05
1.10488	5.5668e-05
1.09323	5.94191e-05
1.08171	6.34229e-05
1.07031	6.78489e-05
1.05903	7.24208e-05
1.04786	7.74747e-05
1.03682	8.26952e-05
1.02589	8.82675e-05
1.01508	9.42152e-05
1.00438	0.00010079
0.993789	0.000107582
0.983313	0.000114831
0.972949	0.000122844
0.962693	0.000131122
0.952546	0.000140273
0.942505	0.000150062
0.932571	0.000160534
0.922741	0.000171737
0.913014	0.000184135
0.90339	0.000196985
0.893868	0.000211206
0.884446	0.000227475
0.875123	0.000244446
0.865899	0.000259747
0.856772	0.000276627
0.847741	0.000294604
0.838805	0.000313044
0.829964	0.000332639
0.821215	0.00035346
0.812559	0.000375584
0.803994	0.000398197
0.795519	0.000422171
0.787134	0.000447588
0.778837	0.000473471
0.770628	0.000499724
0.762505	0.000528621
0.754467	0.000557933
0.746515	0.00058887
0.738646	0.000622922
0.73086	0.000657463
0.723156	0.000693919
0.715534	0.000732396
0.707992	0.000774747
0.700529	0.000817707
0.693145	0.000863048
0.685839	0.000910904
0.678609	0.000961413
0.671456	0.00101472
0.664379	0.00107099
0.657376	0.00113038
0.650447	0.00119305
0.64359	0.00125921
0.636807	0.00132903
0.630094	0.00140273
0.623453	0.00148051
0.616881	0.0015626
0.610379	0.00164924
0.603945	0.00174069
0.597579	0.00183309
0.59128	0.00193473
0.585047	0.00204201
0.578881	0.0021504
0.572779	0.00226964
0.566741	0.00239549
0.560767	0.00252264
0.554857	0.00266252
0.549008	0.00280384
0.543221	0.00295932
0.537495	0.00312341
0.53183	0.0032892
0.526224	0.00347158
0.520677	0.00365585
0.515189	0.00385856
0.509758	0.00407252
0.504385	0.00428869
0.499068	0.00452649
0.493808	0.00476675
0.488603	0.00639959
0.483453	0.00709699
0.478357	0.00769539
0.473315	0.00826952
0.468325	0.00884662
0.463389	0.00944273
0.458505	0.0100564
0.453672	0.0106858
0.44889	0.0113547
0.444158	0.0120383
0.439476	0.0127919
0.434844	0.0135316
0.43026	0.0143462
0.425725	0.01521
0.421238	0.0161257
0.416798	0.0170582
0.412404	0.0180852
0.408057	0.019131
0.403756	0.0202828
0.3995	0.0214557
0.395289	0.0227475
0.391122	0.0240629
0.387	0.0258001
0.382921	0.0276006
0.378884	0.0293282
0.374891	0.0311639
0.370939	0.0330402
0.367029	0.0351083
0.36316	0.0372221
0.359332	0.0394631
0.355545	0.0419333
0.351797	0.0444579
0.348089	0.0472407
0.34442	0.0500849
0.340789	0.0532199
0.337197	0.0564241
0.333643	0.0599559
0.330126	0.0637088
0.326646	0.0676965
0.323203	0.0719339
0.319796	0.0766086
0.316426	0.0814038
0.31309	0.0866938
0.30979	0.0923277
0.306525	0.0983277
0.303294	0.104953
0.300097	0.111774
0.296933	0.119305
0.293804	0.127345
0.290707	0.135925
0.287642	0.145411
0.284611	0.155559
0.281611	0.166415
0.278642	0.178028
0.275705	0.190881
0.272799	0.204661
0.269923	0.21993
0.267078	0.236339
0.264263	0.254543
0.261478	0.27415
0.258721	0.295267
0.255994	0.318726
0.253296	0.3456
0.250626	0.37474
0.247984	0.408169
0.24537	0.452649
0.242784	0.489713
0.240225	0.523888
0.237693	0.561709
0.235187	0.602262
0.232708	0.647195
0.230255	0.695481
0.227828	0.747369
0.225427	0.804937
0.223051	0.866938
0.2207	0.935818
0.218373	1
0.216071	1
0.213794	1
0.21154	1
0.209311	1
0.207104	1
0.204921	1
0.202761	1
0.200624	1
0.198509	1
0.196417	1
0.194347	1
0.192298	1
0.190271	1
0.188265	1
0.186281	1
0.184317	1
0.182375	1
0.180452	1
0.17855	1
0.176668	1
0.174806	1
0.172963	1
0.17114	1
0.169336	1
0.167551	1
0.165785	1
0.164038	1
0.162309	1
0.160598	1
0.158905	1
0.15723	1
0.155573	1
0.153933	1
0.15231	1
0.150705	1
0.149116	1
0.147545	1
0.145989	1
0.144451	1
0.142928	1
0.141421	1
0.139931	1
0.138456	1
0.136996	1
0.135552	1
0.134123	1
0.13271	1
0.131311	1
0.129927	1
0.128557	1
0.127202	1
0.125861	1
0.124535	1
0.123222	1
0.121923	1
0.120638	1
0.119366	1
0.118108	1
0.116863	1
0.115631	1
0.114413	1
0.113207	1
0.112013	1
0.110833	1
0.109664	1
0.108508	1
0.107365	1
0.106233	1
0.105113	1
0.104005	1
0.102909	1
0.101824	1
0.100751	1
0.0996889	1
0.0986382	1
0.0975984	1
0.0965697	1
0.0955518	1
0.0945446	1
0.093548	1
0.092562	1
0.0915863	1
0.0906209	1
0.0896657	1
0.0887206	1
0.0877854	1
0.0868601	1
0.0859445	1
0.0850386	1
0.0841422	1
0.0832553	1
0.0823778	1
0.0815094	1
0.0806503	1
0.0798002	1
0.078959	1
0.0781267	1
0.0773032	1
0.0764884	1
0.0756821	1
0.0748844	1
0.0740951	1
0.0733141	1
0.0725413	1
0.0717766	1
0.0710201	1
0.0702715	1
0.0695308	1
0.0687979	1
0.0680727	1
0.0673551	1
0.0666452	1
0.0659427	1
0.0652476	1
0.0645599	1
0.0638794	1
0.063206	1
0.0625398	1
0.0618806	1
0.0612283	1
0.0605829	1
0.0599443	1
0.0593125	1
0.0586873	1
0.0580687	1
0.0574566	1
0.056851	1
0.0562517	1
0.0556588	1
0.0550721	1
0.0544916	1
0.0539172	1
0.0533489	1
0.0527866	1
0.0522302	1
0.0516796	1
0.0511349	1
0.0505959	1
0.0500626	1
0.0495349	1
0.0490127	1
0.0484961	1
0.0479849	1
0.0474791	1
0.0469787	1
0.0464835	1
0.0459935	1
0.0455087	1
0.045029	1
0.0445544	1
0.0440848	1
0.0436201	1
0.0431603	1
0.0427053	1
0.0422552	1
0.0418098	1
0.0413691	1
0.040933	1
0.0405016	1
0.0400747	1
0.0396522	1
0.0392343	1
0.0388207	1
0.0384115	1
0.0380066	1
0.037606	1
0.0372096	1
0.0368174	1
0.0364293	1
0.0360454	1
0.0356654	1
0.0352895	1
0.0349175	1
0.0345494	1
0.0341853	1
0.0338249	1
0.0334684	1
0.0331156	1
0.0327666	1
0.0324212	1
0.0320794	1
0.0317413	1
0.0314067	1
0.0310757	1
0.0307481	1
0.030424	1
0.0301033	1
0.029786	1
0.029472	1
0.0291614	1
0.028854	1
0.0285499	1
0.0282489	1
0.0279512	1
0.0276565	1
0.027365	1
0.0270766	1
0.0267912	1
0.0265088	1
0.0262293	1
0.0259529	1
0.0256793	1
0.0254086	1
0.0251408	1
0.0248758	1
0.0246136	1
0.0243542	1
0.0240974	1
0.0238434	1
0.0235921	1
0.0233434	1
0.0230974	1
0.0228539	1
0.022613	1
0.0223747	1
0.0221388	1
0.0219055	1
0.0216746	1
0.0214461	1
0.02122	1
0.0209964	1
0.0207751	1
0.0205561	1
0.0203394	1
0.020125	1
0.0199129	1
0.019703	1
0.0194953	1
0.0192898	1
0.0190865	1
0.0188853	1
0.0186862	1
0.0184893	1
0.0182944	1
0.0181015	1
0.0179107	1
0.0177219	1
0.0175351	1
0.0173503	1
0.0171674	1
0.0169865	1
0.0168074	1
0.0166303	1
0.016455	1
0.0162815	1
0.0161099	1
0.0159401	1
0.0157721	1
0.0156058	1
0.0154413	1
0.0152786	1
0.0151175	1
0.0149582	1
0.0148005	1
0.0146445	1
0.0144901	1
0.0143374	1
0.0141863	1
0.0140367	1
0.0138888	1
0.0137424	1
0.0135975	1
0.0134542	1
0.0133124	1
0.0131721	1
0.0130332	1
0.0128958	1
0.0127599	1
0.0126254	1
0.0124923	1
0.0123606	1
0.0122304	1
0.0121014	1
0.0119739	1
0.0118477	1
0.0117228	1
0.0115992	1
0.011477	1
0.011356	1
0.0112363	1
0.0111178	1
0.0110007	1
0.0108847	1
0.01077	1
0.0106564	1
0.0105441	1
0.010433	1
0.010323	1
0.0102142	1
0.0101065	1
0.01	1
0.01	2.71695e-06
