#Mass	Ue	Um	Ut	Events
0.24537	9.96633e-10
0.247984	4.52649e-10
0.250626	3.65585e-10
0.253296	3.16584e-10
0.255994	2.82918e-10
0.258721	2.56843e-10
0.261478	2.36339e-10
0.264263	2.18943e-10
0.267078	2.04201e-10
0.269923	1.9131e-10
0.272799	1.80041e-10
0.275705	1.70199e-10
0.278642	1.61257e-10
0.281611	1.53129e-10
0.284611	1.45738e-10
0.287642	1.39329e-10
0.290707	1.33202e-10
0.293804	1.27631e-10
0.296933	1.22569e-10
0.300097	1.17707e-10
0.303294	1.13547e-10
0.306525	1.09534e-10
0.30979	1.05664e-10
0.31309	1.02389e-10
0.316426	9.92161e-11
0.319796	9.61413e-11
0.323203	9.33716e-11
0.326646	9.08858e-11
0.330126	8.86653e-11
0.333643	8.64991e-11
0.337197	8.45758e-11
0.340789	8.26952e-11
0.34442	8.10385e-11
0.348089	7.95937e-11
0.351797	7.83507e-11
0.355545	7.73007e-11
0.359332	7.64365e-11
0.36316	7.57521e-11
0.367029	7.52428e-11
0.370939	7.50738e-11
0.374891	7.52428e-11
0.378884	7.59226e-11
0.382921	7.76492e-11
0.387	8.1587e-11
0.391122	8.59176e-11
0.395289	8.57246e-11
0.3995	8.59176e-11
0.403756	8.78714e-11
0.408057	8.82675e-11
0.412404	8.9065e-11
0.416798	9.02748e-11
0.421238	9.1707e-11
0.425725	9.37925e-11
0.43026	9.63578e-11
0.434844	9.94394e-11
0.439476	1.03547e-10
0.444158	1.08554e-10
0.44889	1.15089e-10
0.453672	1.23676e-10
0.458505	1.35012e-10
0.463389	1.50399e-10
0.468325	1.72123e-10
0.473315	2.05584e-10
0.478357	2.62684e-10
0.483453	3.77277e-10
0.488603	7.30751e-10
0.493808	3.69407e-08
0.499068	3.57155e-08
0.504385	3.45309e-08
0.509758	3.33856e-08
0.515189	3.22783e-08
0.520677	3.12078e-08
0.526224	3.01727e-08
0.53183	2.92212e-08
0.537495	2.8252e-08
0.543221	2.73611e-08
0.549008	2.64536e-08
0.554857	2.56194e-08
0.560767	2.48115e-08
0.566741	2.39886e-08
0.572779	2.32321e-08
0.578881	2.24995e-08
0.585047	2.179e-08
0.59128	2.11028e-08
0.597579	2.04374e-08
0.603945	1.98263e-08
0.610379	1.92011e-08
0.616881	1.85956e-08
0.623453	1.80395e-08
0.630094	1.74707e-08
0.636807	1.69483e-08
0.64359	1.64138e-08
0.650447	1.59231e-08
0.657376	1.5447e-08
0.664379	1.49851e-08
0.671456	1.4537e-08
0.678609	1.41024e-08
0.685839	1.36807e-08
0.693145	1.32716e-08
0.700529	1.28748e-08
0.707992	1.24899e-08
0.715534	1.21369e-08
0.723156	1.1774e-08
0.73086	1.14219e-08
0.738646	1.10991e-08
0.746515	1.07854e-08
0.754467	1.04629e-08
0.762505	1.01672e-08
0.770628	9.87709e-09
0.778837	9.59254e-09
0.787134	9.33716e-09
0.795519	9.06817e-09
0.803994	8.80692e-09
0.812559	8.57246e-09
0.821215	8.3255e-09
0.829964	8.10385e-09
0.838805	7.8881e-09
0.847741	7.66086e-09
0.856772	7.4569e-09
0.865899	7.25838e-09
0.875123	7.06515e-09
0.884446	6.87705e-09
0.893868	6.69397e-09
0.90339	6.51576e-09
0.913014	6.34229e-09
0.922741	6.18734e-09
0.932571	6.02262e-09
0.942505	5.87547e-09
0.952546	5.71905e-09
0.962693	5.57933e-09
0.972949	5.44302e-09
0.983313	5.31004e-09
0.993789	5.18031e-09
1.00438	5.05374e-09
1.01508	4.93027e-09
1.02589	4.80982e-09
1.03682	4.70287e-09
1.04786	4.58798e-09
1.05903	4.48596e-09
1.07031	4.38621e-09
1.08171	4.27905e-09
1.09323	4.19333e-09
1.10488	4.10009e-09
1.11665	4.00892e-09
1.12854	3.9286e-09
1.14057	3.84125e-09
1.15272	3.76429e-09
1.165	3.68888e-09
1.17741	3.61498e-09
1.18995	3.54255e-09
1.20263	3.4794e-09
1.21544	3.41737e-09
1.22839	3.35644e-09
1.24147	3.2966e-09
1.2547	3.23783e-09
1.26806	3.18726e-09
1.28157	3.13749e-09
1.29523	3.08849e-09
1.30902	3.04026e-09
1.32297	2.99951e-09
1.33706	2.95932e-09
1.35131	2.91966e-09
1.3657	2.88702e-09
1.38025	2.85474e-09
1.39495	2.82918e-09
1.40981	2.80384e-09
1.42483	2.77874e-09
1.44001	2.76006e-09
1.45535	2.7415e-09
1.47086	2.7292e-09
1.48653	2.71695e-09
1.50236	2.71085e-09
1.51837	2.71085e-09
1.53454	2.71695e-09
1.55089	2.72307e-09
1.56741	2.73534e-09
1.58411	2.76006e-09
1.60098	2.78499e-09
1.61804	2.81648e-09
1.63528	2.86117e-09
1.6527	2.9131e-09
1.6703	2.97935e-09
1.6881	3.06083e-09
1.70608	3.15872e-09
1.72425	3.27444e-09
1.74262	3.42506e-09
1.76119	3.60686e-09
1.77995	3.83262e-09
1.79891	4.11857e-09
1.81807	4.49606e-09
1.83744	4.99724e-09
1.85702	5.69339e-09
1.8768	6.73928e-09
1.89679	8.40072e-09
1.917	1.15503e-08
1.93742	1.95482e-08
1.95806	9.0091e-08
1.95806	2.86237e-07
1.93742	6.84331e-07
1.917	8.82055e-07
1.89679	1.04248e-06
1.8768	1.1877e-06
1.85702	1.32903e-06
1.83744	1.46725e-06
1.81807	1.61257e-06
1.79891	1.76038e-06
1.77995	1.9131e-06
1.76119	2.07441e-06
1.74262	2.23922e-06
1.72425	2.41713e-06
1.70608	2.60332e-06
1.6881	2.80384e-06
1.6703	3.01303e-06
1.6527	3.23056e-06
1.63528	3.46378e-06
1.61804	3.71385e-06
1.60098	3.98197e-06
1.58411	4.25985e-06
1.56741	4.55713e-06
1.55089	4.87515e-06
1.53454	5.21537e-06
1.51837	5.5668e-06
1.50236	5.95528e-06
1.48653	6.35657e-06
1.47086	6.80017e-06
1.45535	7.25838e-06
1.44001	7.74747e-06
1.42483	8.28814e-06
1.40981	8.84662e-06
1.39495	9.44273e-06
1.38025	1.0079e-05
1.3657	1.07582e-05
1.35131	1.15089e-05
1.33706	1.22844e-05
1.32297	1.31122e-05
1.30902	1.40273e-05
1.29523	1.49725e-05
1.28157	1.59813e-05
1.26806	1.70966e-05
1.2547	1.82486e-05
1.24147	1.95221e-05
1.22839	2.08845e-05
1.21544	2.22918e-05
1.20263	2.38474e-05
1.18995	2.55116e-05
1.17741	2.7292e-05
1.165	2.91966e-05
1.15272	3.12341e-05
1.14057	3.34138e-05
1.12854	3.57456e-05
1.11665	3.83262e-05
1.10488	4.10009e-05
1.09323	4.38621e-05
1.08171	4.70287e-05
1.07031	5.03107e-05
1.05903	5.38217e-05
1.04786	5.75776e-05
1.03682	6.15958e-05
1.02589	6.58943e-05
1.01508	7.04928e-05
1.00438	7.52428e-05
0.993789	8.04937e-05
0.983313	8.6111e-05
0.972949	9.21203e-05
0.962693	9.8549e-05
0.952546	0.000105426
0.942505	0.000113038
0.932571	0.000120926
0.922741	0.000129656
0.913014	0.000139017
0.90339	0.000149053
0.893868	0.000159813
0.884446	0.000171737
0.875123	0.000184965
0.865899	0.000196985
0.856772	0.000209786
0.847741	0.00022342
0.838805	0.000237939
0.829964	0.000253401
0.821215	0.000269262
0.812559	0.000286117
0.803994	0.000304026
0.795519	0.00032233
0.787134	0.000341737
0.778837	0.000362311
0.770628	0.000383262
0.762505	0.000405425
0.754467	0.000427905
0.746515	0.000452649
0.738646	0.000478824
0.73086	0.000506512
0.723156	0.000534598
0.715534	0.000565511
0.707992	0.000596869
0.700529	0.000631383
0.693145	0.000666393
0.685839	0.000704928
0.678609	0.000744016
0.671456	0.000787039
0.664379	0.00083068
0.657376	0.000876741
0.650447	0.000927439
0.64359	0.000978865
0.636807	0.00103314
0.630094	0.00109043
0.623453	0.00115348
0.616881	0.00121744
0.610379	0.00128495
0.603945	0.0013562
0.597579	0.0014314
0.59128	0.00151077
0.585047	0.00159454
0.578881	0.00168296
0.572779	0.00177229
0.566741	0.00187056
0.560767	0.00197429
0.554857	0.00208376
0.549008	0.00219436
0.543221	0.00231604
0.537495	0.00244446
0.53183	0.00258001
0.526224	0.00271695
0.520677	0.00286761
0.515189	0.00302661
0.509758	0.00319444
0.504385	0.003364
0.499068	0.00355053
0.493808	0.0037474
0.488603	0.00509941
0.483453	0.0056806
0.478357	0.00617344
0.473315	0.00663403
0.468325	0.00711297
0.463389	0.00759226
0.458505	0.00808565
0.453672	0.00859176
0.44889	0.00912955
0.444158	0.009701
0.439476	0.0102851
0.434844	0.0109043
0.43026	0.0115608
0.425725	0.0122569
0.421238	0.0129656
0.416798	0.0137462
0.412404	0.0145738
0.408057	0.0154166
0.403756	0.0163448
0.3995	0.0172899
0.395289	0.0183309
0.391122	0.0193909
0.387	0.0207908
0.382921	0.0222417
0.378884	0.0236871
0.374891	0.0251132
0.370939	0.0266851
0.367029	0.0282918
0.36316	0.0299951
0.359332	0.0318726
0.355545	0.0337916
0.351797	0.0358261
0.348089	0.0379831
0.34442	0.0403605
0.340789	0.0427905
0.337197	0.0454689
0.333643	0.0482065
0.330126	0.0512239
0.326646	0.0544302
0.323203	0.0578372
0.319796	0.0614574
0.316426	0.0653042
0.31309	0.0695481
0.30979	0.0739013
0.306525	0.0787039
0.303294	0.0838185
0.300097	0.0892655
0.296933	0.0952805
0.293804	0.101472
0.290707	0.10831
0.287642	0.115608
0.284611	0.123398
0.281611	0.13201
0.278642	0.140905
0.275705	0.150738
0.272799	0.16162
0.269923	0.172899
0.267078	0.185382
0.264263	0.198765
0.261478	0.213594
0.258721	0.22953
0.255994	0.246655
0.253296	0.265057
0.250626	0.285474
0.247984	0.307463
0.24537	0.324512
0.24537	9.96633e-10
