#Mass	Ue	Um	Ut	Events
0.24537	3.16584e-09
0.247984	1.44434e-09
0.250626	1.17178e-09
0.253296	1.0193e-09
0.255994	9.12955e-10
0.258721	8.3255e-10
0.261478	7.66086e-10
0.264263	7.12898e-10
0.267078	6.66393e-10
0.269923	6.2573e-10
0.272799	5.90196e-10
0.275705	5.59189e-10
0.278642	5.29811e-10
0.281611	5.04239e-10
0.284611	4.80982e-10
0.287642	4.5983e-10
0.290707	4.39609e-10
0.293804	4.22171e-10
0.296933	4.05425e-10
0.300097	3.89343e-10
0.303294	3.7474e-10
0.306525	3.61498e-10
0.30979	3.48723e-10
0.31309	3.37157e-10
0.316426	3.25974e-10
0.319796	3.15872e-10
0.323203	3.06083e-10
0.326646	2.96598e-10
0.330126	2.88702e-10
0.333643	2.80384e-10
0.337197	2.7292e-10
0.340789	2.66252e-10
0.34442	2.60332e-10
0.348089	2.54543e-10
0.351797	2.49444e-10
0.355545	2.44997e-10
0.359332	2.41713e-10
0.36316	2.39011e-10
0.367029	2.37939e-10
0.370939	2.37939e-10
0.374891	2.41171e-10
0.378884	2.50005e-10
0.382921	2.71085e-10
0.387	3.72221e-10
0.391122	2.45203e-08
0.395289	2.38273e-08
0.3995	2.31539e-08
0.403756	2.29595e-08
0.408057	2.23482e-08
0.412404	2.17166e-08
0.416798	2.11385e-08
0.421238	2.05757e-08
0.425725	2.00279e-08
0.43026	1.94947e-08
0.434844	1.89757e-08
0.439476	1.84705e-08
0.444158	1.79788e-08
0.44889	1.75297e-08
0.453672	1.7063e-08
0.458505	1.66368e-08
0.463389	1.62212e-08
0.468325	1.57894e-08
0.473315	1.53949e-08
0.478357	1.50104e-08
0.483453	1.46354e-08
0.488603	1.42939e-08
0.493808	1.09381e-06
0.499068	1.07009e-06
0.504385	1.04688e-06
0.509758	1.02591e-06
0.515189	1.00197e-06
0.520677	9.81896e-07
0.526224	9.60603e-07
0.53183	9.39772e-07
0.537495	9.20944e-07
0.543221	9.00973e-07
0.549008	8.81435e-07
0.554857	8.63776e-07
0.560767	8.45045e-07
0.566741	8.28115e-07
0.572779	8.11525e-07
0.578881	7.93926e-07
0.585047	7.78021e-07
0.59128	7.62434e-07
0.597579	7.47159e-07
0.603945	7.3219e-07
0.610379	7.18733e-07
0.616881	7.04333e-07
0.623453	6.91388e-07
0.630094	6.77536e-07
0.636807	6.65083e-07
0.64359	6.52859e-07
0.650447	6.40859e-07
0.657376	6.30142e-07
0.664379	6.1856e-07
0.671456	6.07191e-07
0.678609	5.97037e-07
0.685839	5.86063e-07
0.693145	5.76262e-07
0.700529	5.66625e-07
0.707992	5.57149e-07
0.715534	5.46909e-07
0.723156	5.37763e-07
0.73086	5.2877e-07
0.738646	5.20805e-07
0.746515	5.12095e-07
0.754467	5.04381e-07
0.762505	4.96783e-07
0.770628	4.893e-07
0.778837	4.81929e-07
0.787134	4.7467e-07
0.795519	4.6752e-07
0.803994	4.61254e-07
0.812559	4.54306e-07
0.821215	4.48218e-07
0.829964	4.41466e-07
0.838805	4.3555e-07
0.847741	4.30439e-07
0.856772	4.2461e-07
0.865899	4.19863e-07
0.875123	4.14586e-07
0.884446	4.09951e-07
0.893868	4.05368e-07
0.90339	4.01399e-07
0.913014	3.9747e-07
0.922741	3.94132e-07
0.932571	3.90274e-07
0.942505	3.86997e-07
0.952546	3.83747e-07
0.962693	3.8106e-07
0.972949	3.78392e-07
0.983313	3.76271e-07
0.993789	3.74161e-07
1.00438	3.72064e-07
1.01508	3.69978e-07
1.02589	3.6894e-07
1.03682	3.67388e-07
1.04786	3.66872e-07
1.05903	3.65842e-07
1.07031	3.66356e-07
1.08171	3.66356e-07
1.09323	3.66872e-07
1.10488	3.67904e-07
1.11665	3.69459e-07
1.12854	3.7102e-07
1.14057	3.73636e-07
1.15272	3.768e-07
1.165	3.80525e-07
1.17741	3.84287e-07
1.18995	3.89726e-07
1.20263	3.95798e-07
1.21544	4.01964e-07
1.22839	4.09951e-07
1.24147	4.18685e-07
1.2547	4.28808e-07
1.26806	4.41032e-07
1.28157	4.54242e-07
1.29523	4.70486e-07
1.30902	4.90057e-07
1.32297	5.1332e-07
1.33706	5.43003e-07
1.35131	5.80897e-07
1.3657	6.32893e-07
1.38025	7.17219e-07
1.38025	1.43342e-06
1.3657	1.74021e-06
1.35131	2.03571e-06
1.33706	2.33762e-06
1.32297	2.65281e-06
1.30902	2.98521e-06
1.29523	3.34232e-06
1.28157	3.72954e-06
1.26806	4.13364e-06
1.2547	4.58153e-06
1.24147	5.05232e-06
1.22839	5.57149e-06
1.21544	6.13366e-06
1.20263	6.72981e-06
1.18995	7.38391e-06
1.17741	8.08792e-06
1.165	8.84413e-06
1.15272	9.67105e-06
1.14057	1.05753e-05
1.12854	1.15446e-05
1.11665	1.25815e-05
1.10488	1.37115e-05
1.09323	1.4943e-05
1.08171	1.62577e-05
1.07031	1.76583e-05
1.05903	1.92119e-05
1.04786	2.08669e-05
1.03682	2.26263e-05
1.02589	2.45341e-05
1.01508	2.65579e-05
1.00438	2.87487e-05
0.993789	3.11727e-05
0.983313	3.36873e-05
0.972949	3.64661e-05
0.962693	3.94742e-05
0.952546	4.27304e-05
0.942505	4.61773e-05
0.932571	4.99865e-05
0.922741	5.41099e-05
0.913014	5.85734e-05
0.90339	6.35121e-05
0.893868	6.87512e-05
0.884446	7.46739e-05
0.875123	8.11069e-05
0.865899	8.72071e-05
0.856772	9.36081e-05
0.847741	0.000100564
0.838805	0.000107824
0.829964	0.000115608
0.821215	0.000123954
0.812559	0.000132605
0.803994	0.000141859
0.795519	0.000151417
0.787134	0.00016162
0.778837	0.000172123
0.770628	0.000182897
0.762505	0.000194783
0.754467	0.000206975
0.746515	0.00021993
0.738646	0.000233697
0.73086	0.000248324
0.723156	0.000263868
0.715534	0.000280384
0.707992	0.000297935
0.700529	0.000316584
0.693145	0.000335644
0.685839	0.000356653
0.678609	0.000378977
0.671456	0.000401794
0.664379	0.000426944
0.657376	0.000452649
0.650447	0.000479902
0.64359	0.000508795
0.636807	0.000540642
0.630094	0.000573193
0.623453	0.000607703
0.616881	0.000644291
0.610379	0.000683082
0.603945	0.000724208
0.597579	0.00076781
0.59128	0.000812209
0.585047	0.00086111
0.578881	0.000910904
0.572779	0.000965747
0.566741	0.00102159
0.560767	0.0010831
0.554857	0.00114573
0.549008	0.00121471
0.543221	0.00128495
0.537495	0.00135925
0.53183	0.00144109
0.526224	0.00152442
0.520677	0.00161257
0.515189	0.00170966
0.509758	0.00180852
0.504385	0.0019131
0.499068	0.00202373
0.493808	0.00214557
0.488603	0.00388468
0.483453	0.00410009
0.478357	0.00432743
0.473315	0.00457767
0.468325	0.0048315
0.463389	0.00509941
0.458505	0.00539428
0.453672	0.00569339
0.44889	0.00600909
0.444158	0.00635657
0.439476	0.00670904
0.434844	0.00709699
0.43026	0.00750738
0.425725	0.00792366
0.421238	0.00838185
0.416798	0.00886653
0.412404	0.00937925
0.408057	0.00989932
0.403756	0.0104718
0.3995	0.0110773
0.395289	0.0117178
0.391122	0.0124233
0.387	0.0195661
0.382921	0.0211682
0.378884	0.0225438
0.374891	0.0239549
0.370939	0.0254543
0.367029	0.0269869
0.36316	0.0286117
0.359332	0.0303343
0.355545	0.0321606
0.351797	0.0340969
0.348089	0.0361498
0.34442	0.0383262
0.340789	0.0407252
0.337197	0.0431771
0.333643	0.0457767
0.330126	0.048642
0.326646	0.0516867
0.323203	0.054922
0.319796	0.0583597
0.316426	0.0620127
0.31309	0.0658943
0.30979	0.0701765
0.306525	0.0747369
0.303294	0.0795937
0.300097	0.0847662
0.296933	0.0902748
0.293804	0.0963578
0.290707	0.10262
0.287642	0.109534
0.284611	0.117178
0.281611	0.125074
0.278642	0.133803
0.275705	0.14314
0.272799	0.153129
0.269923	0.164184
0.267078	0.176038
0.264263	0.188746
0.261478	0.202828
0.258721	0.217961
0.255994	0.234223
0.253296	0.251698
0.250626	0.271085
0.247984	0.291966
0.24537	0.307463
0.24537	3.16584e-09


