#Mass	Ut	Events
0.0115992	0.9701
0.0117228	0.940036
0.0118477	0.908858
0.0119739	0.880692
0.0121014	0.853399
0.0122304	0.825095
0.0123606	0.799525
0.0124923	0.773007
0.0126254	0.749052
0.0127599	0.725838
0.0128958	0.701765
0.0130332	0.680017
0.0131721	0.657463
0.0133124	0.637088
0.0134542	0.617344
0.0135975	0.596869
0.0137424	0.578372
0.0138888	0.559189
0.0140367	0.54186
0.0141863	0.525067
0.0143374	0.507652
0.0144901	0.49192
0.0146445	0.475605
0.0148005	0.460866
0.0149582	0.446583
0.0151175	0.431771
0.0152786	0.418391
0.0154413	0.404514
0.0156058	0.391978
0.0157721	0.379831
0.0159401	0.367233
0.0161099	0.355852
0.0162815	0.34405
0.016455	0.333387
0.0166303	0.32233
0.0168074	0.312341
0.0169865	0.302661
0.0171674	0.292623
0.0173503	0.283555
0.0175351	0.27415
0.0177219	0.265654
0.0179107	0.256843
0.0181015	0.248883
0.0182944	0.240629
0.0184893	0.233172
0.0186862	0.225946
0.0188853	0.218452
0.0190865	0.211682
0.0192898	0.204661
0.0194953	0.198319
0.019703	0.191741
0.0199129	0.185799
0.020125	0.179636
0.0203394	0.174069
0.0205561	0.168296
0.0207751	0.163081
0.0209964	0.157672
0.02122	0.152785
0.0214461	0.147718
0.0216746	0.14314
0.0219055	0.138393
0.0221388	0.134104
0.0223747	0.129656
0.022613	0.125638
0.0228539	0.121471
0.0230974	0.117707
0.0233434	0.113803
0.0235921	0.110028
0.0238434	0.106618
0.0240974	0.103082
0.0243542	0.0998876
0.0246136	0.0965747
0.0248758	0.0933716
0.0251408	0.090478
0.0254086	0.0874771
0.0256793	0.0845758
0.0259529	0.0819548
0.0262293	0.0792366
0.0265088	0.0766086
0.0267912	0.0742344
0.0270766	0.0717723
0.027365	0.0693919
0.0276565	0.0670904
0.0279512	0.0650112
0.0282489	0.062855
0.0285499	0.0607703
0.028854	0.0587547
0.0291614	0.056806
0.029472	0.054922
0.029786	0.0532199
0.0301033	0.0513392
0.030424	0.0497482
0.0307481	0.0480982
0.0310757	0.0465029
0.0314067	0.0449606
0.0317413	0.0434694
0.0320794	0.0420277
0.0324212	0.0406337
0.0327666	0.0393745
0.0331156	0.0380686
0.0334684	0.0368059
0.0338249	0.0355852
0.0341853	0.034405
0.0345494	0.0332639
0.0349175	0.0321606
0.0352895	0.0310939
0.0356654	0.0300627
0.0360454	0.0290656
0.0364293	0.0281016
0.0368174	0.0271085
0.0372096	0.0262094
0.037606	0.0253401
0.0380066	0.0244997
0.0384115	0.0236871
0.0388207	0.02285
0.0392343	0.0220922
0.0396522	0.0213115
0.0400747	0.0205584
0.0405016	0.0198765
0.040933	0.0191741
0.0413691	0.0184965
0.0418098	0.017883
0.0422552	0.0172511
0.0427053	0.0166415
0.0431603	0.0160895
0.0436201	0.0155559
0.0440848	0.0150062
0.0445544	0.0145085
0.045029	0.0139957
0.0455087	0.0135316
0.0459935	0.0130534
0.0464835	0.0126204
0.0469787	0.0121744
0.0474791	0.0117707
0.0479849	0.0113547
0.0484961	0.0109781
0.0490127	0.0105902
0.0495349	0.0102159
0.0500626	0.00987709
0.0505959	0.00952805
0.0511349	0.00919134
0.0516796	0.00886653
0.0522302	0.00857246
0.0527866	0.00826952
0.0533489	0.00797729
0.0539172	0.00769539
0.0544916	0.00742344
0.0550721	0.00716111
0.0556588	0.00690805
0.0562517	0.00666393
0.056851	0.006414
0.0574566	0.00618734
0.0580687	0.00596869
0.0586873	0.00574483
0.0593125	0.00552937
0.0599443	0.00533397
0.0605829	0.00512239
0.0612283	0.00494137
0.0618806	0.00475605
0.0625398	0.00457767
0.063206	0.00440598
0.0638794	0.00425028
0.0645599	0.00409088
0.0652476	0.00393745
0.0659427	0.00379831
0.0666452	0.00364764
0.0673551	0.00351874
0.0680727	0.00338677
0.0687979	0.00325974
0.0695308	0.00314455
0.0702715	0.00302661
0.0710201	0.0029131
0.0717766	0.00281016
0.0725413	0.00270476
0.0733141	0.00260918
0.0740951	0.00251132
0.0748844	0.00242803
0.0756821	0.00234223
0.0764884	0.00225438
0.0773032	0.00216983
0.0781267	0.00208845
0.078959	0.00201012
0.0798002	0.00193909
0.0806503	0.00186636
0.0815094	0.00179636
0.0823778	0.00172899
0.0832553	0.00166415
0.0841422	0.00160173
0.0850386	0.00154166
0.0859445	0.00148384
0.0868601	0.00142819
0.0877854	0.00137462
0.0887206	0.00132307
0.0896657	0.00127345
0.0906209	0.00122293
0.0915863	0.00117178
0.092562	0.0011253
0.093548	0.0010831
0.0945446	0.00104014
0.0955518	0.00100112
0.0965697	0.000963578
0.0975984	0.000925355
0.0986382	0.00089065
0.0996889	0.000855321
0.100751	0.000823242
0.101824	0.000790586
0.102909	0.000759226
0.104005	0.000730751
0.105113	0.000704928
0.106233	0.000676965
0.107365	0.000651576
0.108508	0.00062573
0.109664	0.000600909
0.110833	0.000577073
0.112013	0.000555429
0.113207	0.000532199
0.114413	0.000511088
0.115631	0.000493027
0.116863	0.000473471
0.118108	0.000454689
0.119366	0.000436653
0.120638	0.000419333
0.121923	0.000401794
0.123222	0.000385856
0.124535	0.000369718
0.125861	0.000356653
0.127202	0.000341737
0.128557	0.000328181
0.129927	0.000314455
0.131311	0.000301303
0.13271	0.000288702
0.134123	0.000276627
0.135552	0.000265057
0.136996	0.000253972
0.138456	0.000242803
0.139931	0.000232648
0.141421	0.000222918
0.142928	0.000213115
0.144451	0.000202373
0.145989	0.000193909
0.147545	0.000185382
0.149116	0.000176831
0.150705	0.000168675
0.15231	0.000160895
0.153933	0.00015382
0.155573	0.000147055
0.15723	0.000139957
0.158905	0.000133502
0.160598	0.000127059
0.162309	0.000120654
0.164038	0.000114573
0.165785	0.000109043
0.167551	0.00010378
0.169336	9.83277e-05
0.17114	9.31619e-05
0.172963	8.82675e-05
0.174806	8.34424e-05
0.176668	7.87039e-05
0.17855	7.39013e-05
0.180452	6.97046e-05
0.182375	6.55986e-05
0.184317	6.07703e-05
0.186281	5.65511e-05
0.188265	5.31004e-05
0.190271	0.000221917
0.192298	0.000216983
0.194347	0.000210259
0.196417	0.000204661
0.198509	0.000198765
0.200624	0.000195661
0.202761	0.000190024
0.204921	0.00018455
0.207104	0.00017883
0.209311	0.000173288
0.21154	0.000168296
0.213794	0.000163081
0.216071	0.000158382
0.218373	0.000153474
0.2207	0.000149053
0.223051	0.000144434
0.225427	0.000139957
0.227828	0.000135925
0.230255	0.000131713
0.232708	0.000127901
0.235187	0.000123937
0.237693	0.000120096
0.240225	0.000116603
0.242784	0.00011299
0.24537	0.000109704
0.247984	0.000106304
0.250626	0.000103213
0.253296	0.000100014
0.255994	9.70918e-05
0.258721	9.403e-05
0.261478	9.12185e-05
0.264263	8.84911e-05
0.267078	8.58452e-05
0.269923	8.32784e-05
0.272799	8.06522e-05
0.275705	7.82407e-05
0.278642	7.59013e-05
0.281611	7.36318e-05
0.284611	7.14302e-05
0.287642	6.91777e-05
0.290707	6.71092e-05
0.293804	6.51026e-05
0.296933	6.31561e-05
0.300097	6.12677e-05
0.303294	5.94358e-05
0.306525	5.75615e-05
0.30979	5.58404e-05
0.31309	5.41707e-05
0.316426	5.2551e-05
0.319796	5.10658e-05
0.323203	4.94554e-05
0.326646	4.79767e-05
0.330126	4.66207e-05
0.333643	4.51506e-05
0.337197	4.4097e-05
0.340789	4.2923e-05
0.34442	4.17803e-05
0.348089	4.05995e-05
0.351797	3.9452e-05
0.355545	3.8337e-05
0.359332	3.72535e-05
0.36316	3.62006e-05
0.367029	3.51182e-05
0.370939	3.41257e-05
0.374891	3.31053e-05
0.378884	3.21696e-05
0.382921	3.12078e-05
0.387	3.03257e-05
0.391122	2.9419e-05
0.395289	2.85394e-05
0.3995	2.7686e-05
0.403756	2.69035e-05
0.408057	2.60991e-05
0.412404	2.53188e-05
0.416798	2.45617e-05
0.421238	2.38675e-05
0.425725	2.31539e-05
0.43026	2.24616e-05
0.434844	2.18268e-05
0.439476	2.11741e-05
0.444158	2.05757e-05
0.44889	1.99605e-05
0.453672	1.93637e-05
0.458505	1.88164e-05
0.463389	1.82846e-05
0.468325	1.77379e-05
0.473315	1.72075e-05
0.478357	1.67212e-05
0.483453	1.62486e-05
0.488603	1.5816e-05
0.493808	1.53949e-05
0.499068	1.49851e-05
0.504385	1.45616e-05
0.509758	1.41739e-05
0.515189	1.37501e-05
0.520677	1.3384e-05
0.526224	1.30058e-05
0.53183	1.26169e-05
0.537495	1.2281e-05
0.543221	1.19339e-05
0.549008	1.15966e-05
0.554857	1.12689e-05
0.560767	1.09504e-05
0.566741	1.06409e-05
0.572779	1.03401e-05
0.578881	1.00479e-05
0.585047	9.76392e-06
0.59128	9.48796e-06
0.597579	9.23537e-06
0.603945	8.95923e-06
0.610379	8.72071e-06
0.616881	8.48854e-06
0.623453	8.24863e-06
0.630094	8.02903e-06
0.636807	7.80211e-06
0.64359	7.60721e-06
0.650447	7.40469e-06
0.657376	7.21972e-06
0.664379	7.02751e-06
0.671456	6.84042e-06
0.678609	6.66955e-06
0.685839	6.49199e-06
0.693145	6.32982e-06
0.700529	6.16131e-06
0.707992	6.0074e-06
0.715534	5.84747e-06
0.723156	5.7014e-06
0.73086	5.55898e-06
0.738646	5.42012e-06
0.746515	5.28473e-06
0.754467	5.15272e-06
0.762505	5.03248e-06
0.770628	4.90677e-06
0.778837	4.79228e-06
0.787134	4.67257e-06
0.795519	4.56354e-06
0.803994	4.45705e-06
0.812559	4.34572e-06
0.821215	4.25148e-06
0.829964	4.15228e-06
0.838805	4.06223e-06
0.847741	3.97414e-06
0.856772	3.88796e-06
0.865899	3.81007e-06
0.875123	3.73374e-06
0.884446	3.65277e-06
0.893868	3.58563e-06
0.90339	3.51379e-06
0.913014	3.4434e-06
0.922741	3.38581e-06
0.932571	3.32358e-06
0.942505	3.268e-06
0.952546	3.21335e-06
0.962693	3.16495e-06
0.972949	3.12253e-06
0.983313	3.0755e-06
0.993789	3.03428e-06
1.00438	2.99362e-06
1.01508	2.94852e-06
1.02589	2.91884e-06
1.03682	2.88945e-06
1.04786	2.86519e-06
1.05903	2.84113e-06
1.07031	2.83017e-06
1.08171	2.82143e-06
1.09323	2.81708e-06
1.10488	2.8258e-06
1.11665	2.83894e-06
1.12854	2.85654e-06
1.14057	2.88316e-06
1.15272	2.92356e-06
1.165	2.9783e-06
1.17741	3.03876e-06
1.18995	3.12934e-06
1.20263	3.2376e-06
1.21544	3.37038e-06
1.22839	3.53584e-06
1.24147	3.77887e-06
1.2547	4.10153e-06
1.26806	4.59152e-06
1.28157	5.51037e-06
1.28157	1.09796e-05
1.26806	1.42198e-05
1.2547	1.71906e-05
1.24147	2.01777e-05
1.22839	2.33861e-05
1.21544	2.66889e-05
1.20263	3.02024e-05
1.18995	3.40347e-05
1.17741	3.81918e-05
1.165	4.25566e-05
1.15272	4.72872e-05
1.14057	5.24698e-05
1.12854	5.79755e-05
1.11665	6.3969e-05
1.10488	7.03839e-05
1.09323	7.73333e-05
1.08171	8.47305e-05
1.07031	9.25746e-05
1.05903	0.000101244
1.04786	0.000110028
1.03682	0.000119574
1.02589	0.000129656
1.01508	0.000140273
1.00438	0.000151417
0.993789	0.000163081
0.983313	0.000176038
0.972949	0.000190024
0.962693	0.000204661
0.952546	0.000220425
0.942505	0.000237404
0.932571	0.000255691
0.922741	0.000275386
0.913014	0.000295932
0.90339	0.000318726
0.893868	0.000342506
0.884446	0.000368888
0.875123	0.00039552
0.865899	0.000425028
0.856772	0.000456739
0.847741	0.000489713
0.838805	0.000526249
0.829964	0.000562974
0.821215	0.000603617
0.812559	0.000647195
0.803994	0.00069236
0.795519	0.000739013
0.787134	0.00078881
0.778837	0.000840072
0.770628	0.000896678
0.762505	0.000952805
0.754467	0.00101472
0.746515	0.00108067
0.738646	0.00114831
0.73086	0.00122293
0.723156	0.00129948
0.715534	0.00138393
0.707992	0.00147055
0.700529	0.0015626
0.693145	0.00166041
0.685839	0.00176434
0.678609	0.00187478
0.671456	0.00199212
0.664379	0.00211682
0.657376	0.00224932
0.650447	0.00238474
0.64359	0.00253401
0.636807	0.00268658
0.630094	0.00284833
0.623453	0.00302661
0.616881	0.00320884
0.610379	0.00340203
0.603945	0.00360686
0.597579	0.00382401
0.59128	0.00405425
0.585047	0.00429834
0.578881	0.00454689
0.572779	0.00482065
0.566741	0.00511088
0.560767	0.00540642
0.554857	0.00573193
0.549008	0.00606338
0.543221	0.006414
0.537495	0.00680017
0.53183	0.00719339
0.526224	0.00762648
0.520677	0.00806749
0.515189	0.00855321
0.509758	0.0090478
0.504385	0.00957099
0.499068	0.0101472
0.493808	0.010734
0.488603	0.0113547
0.483453	0.0120383
0.478357	0.0127345
0.473315	0.0134708
0.468325	0.0142819
0.463389	0.0151077
0.458505	0.0160173
0.453672	0.0169435
0.44889	0.0179636
0.444158	0.0190024
0.439476	0.0201465
0.434844	0.0213115
0.43026	0.0225946
0.425725	0.0239011
0.421238	0.0253401
0.416798	0.0268658
0.412404	0.0284193
0.408057	0.0301303
0.403756	0.0319444
0.3995	0.0338677
0.395289	0.0359067
0.391122	0.0380686
0.387	0.0403605
0.382921	0.0427905
0.378884	0.0453668
0.374891	0.0482065
0.370939	0.0511088
0.367029	0.054186
0.36316	0.0575776
0.359332	0.0610442
0.355545	0.0648652
0.351797	0.0689253
0.348089	0.0732396
0.34442	0.077824
0.340789	0.0826952
0.337197	0.0878714
0.333643	0.0933716
0.330126	0.0994394
0.326646	0.105664
0.323203	0.11253
0.319796	0.119843
0.316426	0.127345
0.31309	0.135925
0.30979	0.144759
0.306525	0.154166
0.303294	0.164554
0.300097	0.175248
0.296933	0.187056
0.293804	0.199661
0.290707	0.213594
0.287642	0.227987
0.284611	0.243897
0.281611	0.260332
0.278642	0.279126
0.275705	0.298605
0.272799	0.319444
0.269923	0.342506
0.267078	0.367233
0.264263	0.393745
0.261478	0.423121
0.258721	0.454689
0.255994	0.488613
0.253296	0.525067
0.250626	0.565511
0.247984	0.609071
0.24537	0.655986
0.242784	0.708105
0.240225	0.764365
0.237693	0.825095
0.235187	0.892655
0.232708	0.965747
0.230255	1
0.227828	1
0.225427	1
0.223051	1
0.2207	1
0.218373	1
0.216071	1
0.213794	1
0.21154	1
0.209311	1
0.207104	1
0.204921	1
0.202761	1
0.200624	1
0.198509	1
0.196417	1
0.194347	1
0.192298	1
0.190271	1
0.188265	1
0.186281	1
0.184317	1
0.182375	1
0.180452	1
0.17855	1
0.176668	1
0.174806	1
0.172963	1
0.17114	1
0.169336	1
0.167551	1
0.165785	1
0.164038	1
0.162309	1
0.160598	1
0.158905	1
0.15723	1
0.155573	1
0.153933	1
0.15231	1
0.150705	1
0.149116	1
0.147545	1
0.145989	1
0.144451	1
0.142928	1
0.141421	1
0.139931	1
0.138456	1
0.136996	1
0.135552	1
0.134123	1
0.13271	1
0.131311	1
0.129927	1
0.128557	1
0.127202	1
0.125861	1
0.124535	1
0.123222	1
0.121923	1
0.120638	1
0.119366	1
0.118108	1
0.116863	1
0.115631	1
0.114413	1
0.113207	1
0.112013	1
0.110833	1
0.109664	1
0.108508	1
0.107365	1
0.106233	1
0.105113	1
0.104005	1
0.102909	1
0.101824	1
0.100751	1
0.0996889	1
0.0986382	1
0.0975984	1
0.0965697	1
0.0955518	1
0.0945446	1
0.093548	1
0.092562	1
0.0915863	1
0.0906209	1
0.0896657	1
0.0887206	1
0.0877854	1
0.0868601	1
0.0859445	1
0.0850386	1
0.0841422	1
0.0832553	1
0.0823778	1
0.0815094	1
0.0806503	1
0.0798002	1
0.078959	1
0.0781267	1
0.0773032	1
0.0764884	1
0.0756821	1
0.0748844	1
0.0740951	1
0.0733141	1
0.0725413	1
0.0717766	1
0.0710201	1
0.0702715	1
0.0695308	1
0.0687979	1
0.0680727	1
0.0673551	1
0.0666452	1
0.0659427	1
0.0652476	1
0.0645599	1
0.0638794	1
0.063206	1
0.0625398	1
0.0618806	1
0.0612283	1
0.0605829	1
0.0599443	1
0.0593125	1
0.0586873	1
0.0580687	1
0.0574566	1
0.056851	1
0.0562517	1
0.0556588	1
0.0550721	1
0.0544916	1
0.0539172	1
0.0533489	1
0.0527866	1
0.0522302	1
0.0516796	1
0.0511349	1
0.0505959	1
0.0500626	1
0.0495349	1
0.0490127	1
0.0484961	1
0.0479849	1
0.0474791	1
0.0469787	1
0.0464835	1
0.0459935	1
0.0455087	1
0.045029	1
0.0445544	1
0.0440848	1
0.0436201	1
0.0431603	1
0.0427053	1
0.0422552	1
0.0418098	1
0.0413691	1
0.040933	1
0.0405016	1
0.0400747	1
0.0396522	1
0.0392343	1
0.0388207	1
0.0384115	1
0.0380066	1
0.037606	1
0.0372096	1
0.0368174	1
0.0364293	1
0.0360454	1
0.0356654	1
0.0352895	1
0.0349175	1
0.0345494	1
0.0341853	1
0.0338249	1
0.0334684	1
0.0331156	1
0.0327666	1
0.0324212	1
0.0320794	1
0.0317413	1
0.0314067	1
0.0310757	1
0.0307481	1
0.030424	1
0.0301033	1
0.029786	1
0.029472	1
0.0291614	1
0.028854	1
0.0285499	1
0.0282489	1
0.0279512	1
0.0276565	1
0.027365	1
0.0270766	1
0.0267912	1
0.0265088	1
0.0262293	1
0.0259529	1
0.0256793	1
0.0254086	1
0.0251408	1
0.0248758	1
0.0246136	1
0.0243542	1
0.0240974	1
0.0238434	1
0.0235921	1
0.0233434	1
0.0230974	1
0.0228539	1
0.022613	1
0.0223747	1
0.0221388	1
0.0219055	1
0.0216746	1
0.0214461	1
0.02122	1
0.0209964	1
0.0207751	1
0.0205561	1
0.0203394	1
0.020125	1
0.0199129	1
0.019703	1
0.0194953	1
0.0192898	1
0.0190865	1
0.0188853	1
0.0186862	1
0.0184893	1
0.0182944	1
0.0181015	1
0.0179107	1
0.0177219	1
0.0175351	1
0.0173503	1
0.0171674	1
0.0169865	1
0.0168074	1
0.0166303	1
0.016455	1
0.0162815	1
0.0161099	1
0.0159401	1
0.0157721	1
0.0156058	1
0.0154413	1
0.0152786	1
0.0151175	1
0.0149582	1
0.0148005	1
0.0146445	1
0.0144901	1
0.0143374	1
0.0141863	1
0.0140367	1
0.0138888	1
0.0137424	1
0.0135975	1
0.0134542	1
0.0133124	1
0.0131721	1
0.0130332	1
0.0128958	1
0.0127599	1
0.0126254	1
0.0124923	1
0.0123606	1
0.0122304	1
0.0121014	1
0.0119739	1
0.0118477	1
0.0117228	1
0.0115992	1
0.0115992	0.9701


