#Mass	Ue	Events
0.01	0.000135012
0.0101065	0.000130828
0.0102142	0.000126773
0.010323	0.000122844
0.010433	0.000119037
0.0105441	0.000115348
0.0106564	0.000111774
0.01077	0.00010831
0.0108847	0.000104953
0.0110007	0.000101701
0.0111178	9.8549e-05
0.0112363	9.5495e-05
0.011356	9.25355e-05
0.011477	8.96678e-05
0.0115992	8.70846e-05
0.0117228	8.43858e-05
0.0118477	8.17707e-05
0.0119739	7.92366e-05
0.0121014	7.6781e-05
0.0122304	7.44016e-05
0.0123606	7.20958e-05
0.0124923	6.98616e-05
0.0126254	6.78489e-05
0.0127599	6.57463e-05
0.0128958	6.37088e-05
0.0130332	6.17344e-05
0.0131721	5.98212e-05
0.0133124	5.80979e-05
0.0134542	5.62974e-05
0.0135975	5.45527e-05
0.0137424	5.28621e-05
0.0138888	5.13392e-05
0.0140367	4.97482e-05
0.0141863	4.82065e-05
0.0143374	4.67126e-05
0.0144901	4.53668e-05
0.0146445	4.39609e-05
0.0148005	4.25985e-05
0.0149582	4.13713e-05
0.0151175	4.00892e-05
0.0152786	3.89343e-05
0.0154413	3.77277e-05
0.0156058	3.66408e-05
0.0157721	3.55053e-05
0.0159401	3.4405e-05
0.0161099	3.34138e-05
0.0162815	3.23783e-05
0.016455	3.14455e-05
0.0166303	3.0471e-05
0.0168074	2.95267e-05
0.0169865	2.86761e-05
0.0171674	2.77874e-05
0.0173503	2.69869e-05
0.0175351	2.61505e-05
0.0177219	2.53972e-05
0.0179107	2.46101e-05
0.0181015	2.39011e-05
0.0182944	2.32125e-05
0.0184893	2.24932e-05
0.0186862	2.18452e-05
0.0188853	2.11682e-05
0.0190865	2.05584e-05
0.0192898	1.99661e-05
0.0194953	1.93473e-05
0.019703	1.879e-05
0.0199129	1.82486e-05
0.020125	1.76038e-05
0.0203394	1.70582e-05
0.0205561	1.65668e-05
0.0207751	1.60895e-05
0.0209964	1.5626e-05
0.02122	1.51417e-05
0.0214461	1.47055e-05
0.0216746	1.42819e-05
0.0219055	1.38704e-05
0.0221388	1.34406e-05
0.0223747	1.30534e-05
0.022613	1.26773e-05
0.0228539	1.23121e-05
0.0230974	1.19574e-05
0.0233434	1.16129e-05
0.0235921	1.12784e-05
0.0238434	1.09534e-05
0.0240974	1.06379e-05
0.0243542	1.03314e-05
0.0246136	1.00338e-05
0.0248758	9.74472e-06
0.0251408	9.50665e-06
0.0254086	9.23277e-06
0.0256793	8.96678e-06
0.0259529	8.70846e-06
0.0262293	8.45758e-06
0.0265088	8.21393e-06
0.0267912	7.97729e-06
0.0270766	7.76492e-06
0.027365	7.54122e-06
0.0276565	7.32396e-06
0.0279512	7.11297e-06
0.0282489	6.90805e-06
0.0285499	6.72414e-06
0.028854	6.53042e-06
0.0291614	6.34229e-06
0.029472	6.15958e-06
0.029786	5.99559e-06
0.0301033	5.80979e-06
0.030424	5.65511e-06
0.0307481	5.4922e-06
0.0310757	5.34598e-06
0.0314067	5.19197e-06
0.0317413	5.04239e-06
0.0320794	4.90815e-06
0.0324212	4.76675e-06
0.0327666	4.63985e-06
0.0331156	4.50618e-06
0.0334684	4.38621e-06
0.0338249	4.25985e-06
0.0341853	4.14644e-06
0.0345494	4.03605e-06
0.0349175	3.91978e-06
0.0352895	3.81543e-06
0.0356654	3.70551e-06
0.0360454	3.60686e-06
0.0364293	3.51083e-06
0.0368174	3.40969e-06
0.0372096	3.31891e-06
0.037606	3.23056e-06
0.0380066	3.14455e-06
0.0384115	3.05396e-06
0.0388207	2.97266e-06
0.0392343	2.89352e-06
0.0396522	2.81648e-06
0.0400747	2.7415e-06
0.0405016	2.66851e-06
0.040933	2.59747e-06
0.0413691	2.52832e-06
0.0418098	2.45548e-06
0.0422552	2.39011e-06
0.0427053	2.32648e-06
0.0431603	2.26454e-06
0.0436201	2.20425e-06
0.0440848	2.14557e-06
0.0445544	2.08845e-06
0.045029	2.02373e-06
0.0455087	1.96985e-06
0.0459935	1.92173e-06
0.0464835	1.87056e-06
0.0469787	1.82077e-06
0.0474791	1.77229e-06
0.0479849	1.72511e-06
0.0484961	1.67918e-06
0.0490127	1.63448e-06
0.0495349	1.59096e-06
0.0500626	1.55559e-06
0.0505959	1.51758e-06
0.0511349	1.47718e-06
0.0516796	1.43785e-06
0.0522302	1.39957e-06
0.0527866	1.36231e-06
0.0533489	1.32605e-06
0.0539172	1.29074e-06
0.0544916	1.25921e-06
0.0550721	1.22019e-06
0.0556588	1.1877e-06
0.0562517	1.15608e-06
0.056851	1.1253e-06
0.0574566	1.09534e-06
0.0580687	1.06618e-06
0.0586873	1.0378e-06
0.0593125	1.01244e-06
0.0599443	9.8549e-07
0.0605829	9.63578e-07
0.0612283	9.37925e-07
0.0618806	9.12955e-07
0.0625398	8.88649e-07
0.063206	8.64991e-07
0.0638794	8.41963e-07
0.0645599	8.19548e-07
0.0652476	7.97729e-07
0.0659427	7.76492e-07
0.0666452	7.55819e-07
0.0673551	7.35697e-07
0.0680727	7.16111e-07
0.0687979	6.97046e-07
0.0695308	6.78489e-07
0.0702715	6.61913e-07
0.0710201	6.44291e-07
0.0717766	6.27138e-07
0.0725413	6.10442e-07
0.0733141	5.94191e-07
0.0740951	5.78372e-07
0.0748844	5.61709e-07
0.0756821	5.47986e-07
0.0764884	5.33397e-07
0.0773032	5.19197e-07
0.0781267	5.05374e-07
0.078959	4.90815e-07
0.0798002	4.77748e-07
0.0806503	4.65029e-07
0.0815094	4.52649e-07
0.0823778	4.39609e-07
0.0832553	4.27905e-07
0.0841422	4.16513e-07
0.0850386	4.06337e-07
0.0859445	3.9552e-07
0.0868601	3.8499e-07
0.0877854	3.7474e-07
0.0887206	3.64764e-07
0.0896657	3.55053e-07
0.0906209	3.44824e-07
0.0915863	3.35644e-07
0.092562	3.26708e-07
0.093548	3.1801e-07
0.0945446	3.09544e-07
0.0955518	3.01982e-07
0.0965697	2.94604e-07
0.0975984	2.86761e-07
0.0986382	2.79126e-07
0.0996889	2.72307e-07
0.100751	2.65654e-07
0.101824	2.58582e-07
0.102909	2.52264e-07
0.104005	2.46101e-07
0.105113	2.38474e-07
0.106233	2.32125e-07
0.107365	2.26454e-07
0.108508	2.20922e-07
0.109664	2.15524e-07
0.110833	2.09315e-07
0.112013	2.04201e-07
0.113207	1.99212e-07
0.114413	1.94345e-07
0.115631	1.88746e-07
0.116863	1.84135e-07
0.118108	1.80041e-07
0.119366	1.75642e-07
0.120638	1.70582e-07
0.121923	1.66789e-07
0.123222	1.63081e-07
0.124535	1.59096e-07
0.125861	1.54861e-07
0.127202	1.51417e-07
0.128557	1.48051e-07
0.129927	1.44759e-07
0.131311	1.40588e-07
0.13271	1.37462e-07
0.134123	1.34406e-07
0.135552	1.31122e-07
0.136996	1.28207e-07
0.138456	1.25921e-07
0.139931	1.30534e-07
0.141421	1.27631e-07
0.142928	1.25074e-07
0.144451	1.22844e-07
0.145989	1.19843e-07
0.147545	1.17442e-07
0.149116	1.15348e-07
0.150705	1.13038e-07
0.15231	1.11022e-07
0.153933	1.09043e-07
0.155573	1.07099e-07
0.15723	1.0519e-07
0.158905	1.03547e-07
0.160598	1.01701e-07
0.162309	1.00112e-07
0.164038	9.8549e-08
0.165785	9.74472e-08
0.167551	9.59254e-08
0.169336	9.46399e-08
0.17114	9.31619e-08
0.172963	9.19134e-08
0.174806	9.06817e-08
0.176668	8.94664e-08
0.17855	8.82675e-08
0.180452	8.72806e-08
0.182375	8.6111e-08
0.184317	8.51483e-08
0.186281	8.41963e-08
0.188265	8.34424e-08
0.190271	8.25095e-08
0.192298	8.17707e-08
0.194347	8.10385e-08
0.196417	8.06749e-08
0.198509	7.99525e-08
0.200624	8.41963e-08
0.202761	8.36302e-08
0.204921	8.3255e-08
0.207104	8.19548e-08
0.209311	8.1587e-08
0.21154	8.08565e-08
0.213794	8.06749e-08
0.216071	8.05163e-08
0.218373	8.03806e-08
0.2207	7.97057e-08
0.223051	7.97057e-08
0.225427	7.97057e-08
0.227828	7.9975e-08
0.230255	7.97057e-08
0.232708	8.011e-08
0.235187	7.9975e-08
0.237693	8.06522e-08
0.240225	8.11981e-08
0.242784	8.20239e-08
0.24537	8.24399e-08
0.247984	8.34189e-08
0.250626	8.44096e-08
0.253296	8.57005e-08
0.255994	8.73052e-08
0.258721	8.909e-08
0.261478	9.09114e-08
0.264263	9.30834e-08
0.267078	9.53073e-08
0.269923	9.80793e-08
0.272799	1.01273e-07
0.275705	1.04394e-07
0.278642	1.0834e-07
0.281611	1.12815e-07
0.284611	1.17872e-07
0.287642	1.23363e-07
0.290707	1.29765e-07
0.293804	1.36961e-07
0.296933	1.44799e-07
0.300097	1.54383e-07
0.303294	1.65435e-07
0.306525	1.77878e-07
0.30979	1.92227e-07
0.31309	2.08435e-07
0.316426	2.27155e-07
0.319796	2.47558e-07
0.323203	2.69793e-07
0.326646	2.92541e-07
0.330126	3.15074e-07
0.333643	3.33106e-07
0.337197	3.45698e-07
0.340789	3.5217e-07
0.34442	3.51577e-07
0.348089	3.45115e-07
0.351797	3.35927e-07
0.355545	3.25883e-07
0.359332	3.15606e-07
0.36316	3.07722e-07
0.367029	2.98521e-07
0.370939	2.89108e-07
0.374891	2.80463e-07
0.378884	2.72997e-07
0.382921	2.64388e-07
0.387	2.56915e-07
0.391122	2.49234e-07
0.395289	2.41374e-07
0.3995	2.34157e-07
0.403756	2.34552e-07
0.408057	2.26391e-07
0.412404	2.18882e-07
0.416798	2.11266e-07
0.421238	2.04259e-07
0.425725	1.97151e-07
0.43026	1.90612e-07
0.434844	1.84602e-07
0.439476	1.78178e-07
0.444158	1.72559e-07
0.44889	1.66555e-07
0.453672	1.61303e-07
0.458505	1.52571e-07
0.463389	1.45779e-07
0.468325	1.39056e-07
0.473315	1.3309e-07
0.478357	1.26738e-07
0.483453	1.213e-07
0.488603	1.16097e-07
0.488603	0.00760935
0.483453	0.00803129
0.478357	0.00845758
0.473315	0.00892655
0.468325	0.00940036
0.463389	0.00992161
0.458505	0.0104482
0.453672	0.0110028
0.44889	0.0116129
0.444158	0.0122293
0.439476	0.0129074
0.434844	0.0135925
0.43026	0.0143462
0.425725	0.0151417
0.421238	0.0159454
0.416798	0.0168296
0.412404	0.0177628
0.408057	0.0187056
0.403756	0.0197429
0.3995	0.0208376
0.395289	0.021993
0.391122	0.0232125
0.387	0.0244997
0.382921	0.0259164
0.378884	0.0273534
0.374891	0.0288702
0.370939	0.0305396
0.367029	0.032233
0.36316	0.0340969
0.359332	0.0359876
0.355545	0.0380686
0.351797	0.0402699
0.348089	0.0425985
0.34442	0.0451632
0.340789	0.0478824
0.337197	0.0509941
0.333643	0.0544302
0.330126	0.0580979
0.326646	0.0622922
0.323203	0.0667893
0.319796	0.0717723
0.316426	0.0769539
0.31309	0.0825095
0.30979	0.0884662
0.306525	0.0948529
0.303294	0.101472
0.300097	0.108798
0.296933	0.116391
0.293804	0.124513
0.290707	0.133202
0.287642	0.142498
0.284611	0.152442
0.281611	0.163448
0.278642	0.174461
0.275705	0.187056
0.272799	0.20011
0.269923	0.214075
0.267078	0.229015
0.264263	0.244997
0.261478	0.262684
0.258721	0.281648
0.255994	0.301303
0.253296	0.323056
0.250626	0.346378
0.247984	0.372221
0.24537	0.399093
0.242784	0.428869
0.240225	0.460866
0.237693	0.49525
0.235187	0.533397
0.232708	0.574483
0.230255	0.618734
0.227828	0.667893
0.225427	0.719339
0.223051	0.77824
0.2207	0.840072
0.218373	0.908858
0.216071	0.98549
0.213794	1
0.21154	1
0.209311	1
0.207104	1
0.204921	1
0.202761	1
0.200624	1
0.198509	1
0.196417	1
0.194347	1
0.192298	1
0.190271	1
0.188265	1
0.186281	1
0.184317	1
0.182375	1
0.180452	1
0.17855	1
0.176668	1
0.174806	1
0.172963	1
0.17114	1
0.169336	1
0.167551	1
0.165785	1
0.164038	1
0.162309	1
0.160598	1
0.158905	1
0.15723	1
0.155573	1
0.153933	1
0.15231	1
0.150705	1
0.149116	1
0.147545	1
0.145989	1
0.144451	1
0.142928	1
0.141421	1
0.139931	1
0.138456	1
0.136996	1
0.135552	1
0.134123	1
0.13271	1
0.131311	1
0.129927	1
0.128557	1
0.127202	1
0.125861	1
0.124535	1
0.123222	1
0.121923	1
0.120638	1
0.119366	1
0.118108	1
0.116863	1
0.115631	1
0.114413	1
0.113207	1
0.112013	1
0.110833	1
0.109664	1
0.108508	1
0.107365	1
0.106233	1
0.105113	1
0.104005	1
0.102909	1
0.101824	1
0.100751	1
0.0996889	1
0.0986382	1
0.0975984	1
0.0965697	1
0.0955518	1
0.0945446	1
0.093548	1
0.092562	1
0.0915863	1
0.0906209	1
0.0896657	1
0.0887206	1
0.0877854	1
0.0868601	1
0.0859445	1
0.0850386	1
0.0841422	1
0.0832553	1
0.0823778	1
0.0815094	1
0.0806503	1
0.0798002	1
0.078959	1
0.0781267	1
0.0773032	1
0.0764884	1
0.0756821	1
0.0748844	1
0.0740951	1
0.0733141	1
0.0725413	1
0.0717766	1
0.0710201	1
0.0702715	1
0.0695308	1
0.0687979	1
0.0680727	1
0.0673551	1
0.0666452	1
0.0659427	1
0.0652476	1
0.0645599	1
0.0638794	1
0.063206	1
0.0625398	1
0.0618806	1
0.0612283	1
0.0605829	1
0.0599443	1
0.0593125	1
0.0586873	1
0.0580687	1
0.0574566	1
0.056851	1
0.0562517	1
0.0556588	1
0.0550721	1
0.0544916	1
0.0539172	1
0.0533489	1
0.0527866	1
0.0522302	1
0.0516796	1
0.0511349	1
0.0505959	1
0.0500626	1
0.0495349	1
0.0490127	1
0.0484961	1
0.0479849	1
0.0474791	1
0.0469787	1
0.0464835	1
0.0459935	1
0.0455087	1
0.045029	1
0.0445544	1
0.0440848	1
0.0436201	1
0.0431603	1
0.0427053	1
0.0422552	1
0.0418098	1
0.0413691	1
0.040933	1
0.0405016	1
0.0400747	1
0.0396522	1
0.0392343	1
0.0388207	1
0.0384115	1
0.0380066	1
0.037606	1
0.0372096	1
0.0368174	1
0.0364293	1
0.0360454	1
0.0356654	1
0.0352895	1
0.0349175	1
0.0345494	1
0.0341853	1
0.0338249	1
0.0334684	1
0.0331156	1
0.0327666	1
0.0324212	1
0.0320794	1
0.0317413	1
0.0314067	1
0.0310757	1
0.0307481	1
0.030424	1
0.0301033	1
0.029786	1
0.029472	1
0.0291614	1
0.028854	1
0.0285499	1
0.0282489	1
0.0279512	1
0.0276565	1
0.027365	1
0.0270766	1
0.0267912	1
0.0265088	1
0.0262293	1
0.0259529	1
0.0256793	1
0.0254086	1
0.0251408	1
0.0248758	1
0.0246136	1
0.0243542	1
0.0240974	1
0.0238434	1
0.0235921	1
0.0233434	1
0.0230974	1
0.0228539	1
0.022613	1
0.0223747	1
0.0221388	1
0.0219055	1
0.0216746	1
0.0214461	1
0.02122	1
0.0209964	1
0.0207751	1
0.0205561	1
0.0203394	1
0.020125	1
0.0199129	1
0.019703	1
0.0194953	1
0.0192898	1
0.0190865	1
0.0188853	1
0.0186862	1
0.0184893	1
0.0182944	1
0.0181015	1
0.0179107	1
0.0177219	1
0.0175351	1
0.0173503	1
0.0171674	1
0.0169865	1
0.0168074	1
0.0166303	1
0.016455	1
0.0162815	1
0.0161099	1
0.0159401	1
0.0157721	1
0.0156058	1
0.0154413	1
0.0152786	1
0.0151175	1
0.0149582	1
0.0148005	1
0.0146445	1
0.0144901	1
0.0143374	1
0.0141863	1
0.0140367	1
0.0138888	1
0.0137424	1
0.0135975	1
0.0134542	1
0.0133124	1
0.0131721	1
0.0130332	1
0.0128958	1
0.0127599	1
0.0126254	1
0.0124923	1
0.0123606	1
0.0122304	1
0.0121014	1
0.0119739	1
0.0118477	1
0.0117228	1
0.0115992	1
0.011477	1
0.011356	1
0.0112363	1
0.0111178	1
0.0110007	1
0.0108847	1
0.01077	1
0.0106564	1
0.0105441	1
0.010433	1
0.010323	1
0.0102142	1
0.0101065	1
0.01	1
0.01	0.000135012


