#Mass	Um	Events
0.01	2.43897e-05
0.0101065	2.36339e-05
0.0102142	2.29015e-05
0.010323	2.21917e-05
0.010433	2.1504e-05
0.0105441	2.08376e-05
0.0106564	2.01918e-05
0.01077	1.95661e-05
0.0108847	1.89171e-05
0.0110007	1.83309e-05
0.0111178	1.77628e-05
0.0112363	1.72123e-05
0.011356	1.66789e-05
0.011477	1.6162e-05
0.0115992	1.56612e-05
0.0117228	1.521e-05
0.0118477	1.47386e-05
0.0119739	1.42819e-05
0.0121014	1.38393e-05
0.0122304	1.34104e-05
0.0123606	1.29948e-05
0.0124923	1.25921e-05
0.0126254	1.22019e-05
0.0127599	1.18237e-05
0.0128958	1.14573e-05
0.0130332	1.11272e-05
0.0131721	1.07824e-05
0.0133124	1.04482e-05
0.0134542	1.01244e-05
0.0135975	9.81068e-06
0.0137424	9.52805e-06
0.0138888	9.23277e-06
0.0140367	8.94664e-06
0.0141863	8.6889e-06
0.0143374	8.41963e-06
0.0144901	8.1587e-06
0.0146445	7.92366e-06
0.0148005	7.6781e-06
0.0149582	7.44016e-06
0.0151175	7.24208e-06
0.0152786	7.03344e-06
0.0154413	6.81547e-06
0.0156058	6.61913e-06
0.0157721	6.414e-06
0.0159401	6.22922e-06
0.0161099	6.03617e-06
0.0162815	5.86228e-06
0.016455	5.6806e-06
0.0166303	5.51695e-06
0.0168074	5.34598e-06
0.0169865	5.19197e-06
0.0171674	5.04239e-06
0.0173503	4.88613e-06
0.0175351	4.74536e-06
0.0177219	4.60866e-06
0.0179107	4.47588e-06
0.0181015	4.34694e-06
0.0182944	4.21223e-06
0.0184893	4.09088e-06
0.0186862	3.97302e-06
0.0188853	3.85856e-06
0.0190865	3.7474e-06
0.0192898	3.63944e-06
0.0194953	3.5346e-06
0.019703	3.43277e-06
0.0199129	3.34138e-06
0.020125	3.23056e-06
0.0203394	3.13749e-06
0.0205561	3.0471e-06
0.0207751	2.96598e-06
0.0209964	2.88053e-06
0.02122	2.80384e-06
0.0214461	2.72307e-06
0.0216746	2.65057e-06
0.0219055	2.57421e-06
0.0221388	2.50568e-06
0.0223747	2.43897e-06
0.022613	2.37404e-06
0.0228539	2.31084e-06
0.0230974	2.24932e-06
0.0233434	2.18943e-06
0.0235921	2.13115e-06
0.0238434	2.07441e-06
0.0240974	2.02373e-06
0.0243542	1.96985e-06
0.0246136	1.92173e-06
0.0248758	1.87478e-06
0.0251408	1.83309e-06
0.0254086	1.7883e-06
0.0256793	1.74461e-06
0.0259529	1.70582e-06
0.0262293	1.66415e-06
0.0265088	1.62714e-06
0.0267912	1.59096e-06
0.0270766	1.55559e-06
0.027365	1.52442e-06
0.0276565	1.49388e-06
0.0279512	1.46395e-06
0.0282489	1.43462e-06
0.0285499	1.40905e-06
0.028854	1.38704e-06
0.0291614	1.36538e-06
0.029472	1.34406e-06
0.029786	1.32605e-06
0.0301033	1.31122e-06
0.030424	1.29948e-06
0.0307481	1.29074e-06
0.0310757	1.28495e-06
0.0314067	1.28495e-06
0.0317413	1.29074e-06
0.0320794	1.30534e-06
0.0324212	1.33502e-06
0.0327666	1.38082e-06
0.0331156	1.46395e-06
0.0334684	1.63081e-06
0.0338249	2.24427e-06
0.0341853	4.37636e-06
0.0345494	4.24074e-06
0.0349175	4.11857e-06
0.0352895	3.99093e-06
0.0356654	3.86725e-06
0.0360454	3.7474e-06
0.0364293	3.63127e-06
0.0368174	3.52666e-06
0.0372096	3.41737e-06
0.037606	3.31146e-06
0.0380066	3.21606e-06
0.0384115	3.11639e-06
0.0388207	3.02661e-06
0.0392343	2.93282e-06
0.0396522	2.84193e-06
0.0400747	2.75386e-06
0.0405016	2.67452e-06
0.040933	2.59164e-06
0.0413691	2.51698e-06
0.0418098	2.43897e-06
0.0422552	2.36339e-06
0.0427053	2.2953e-06
0.0431603	2.22417e-06
0.0436201	2.15524e-06
0.0440848	2.09315e-06
0.0445544	2.02828e-06
0.045029	1.96543e-06
0.0455087	1.90452e-06
0.0459935	1.8455e-06
0.0464835	1.79233e-06
0.0469787	1.73679e-06
0.0474791	1.68675e-06
0.0479849	1.63448e-06
0.0484961	1.58382e-06
0.0490127	1.5382e-06
0.0495349	1.49053e-06
0.0500626	1.45085e-06
0.0505959	1.40588e-06
0.0511349	1.36538e-06
0.0516796	1.32307e-06
0.0522302	1.28207e-06
0.0527866	1.24513e-06
0.0533489	1.20654e-06
0.0539172	1.17178e-06
0.0544916	1.13547e-06
0.0550721	1.09781e-06
0.0556588	1.06618e-06
0.0562517	1.03314e-06
0.056851	1.00112e-06
0.0574566	9.72284e-07
0.0580687	9.42152e-07
0.0586873	9.1501e-07
0.0593125	8.86653e-07
0.0599443	8.59176e-07
0.0605829	8.38185e-07
0.0612283	8.12209e-07
0.0618806	7.87039e-07
0.0625398	7.64365e-07
0.063206	7.40677e-07
0.0638794	7.17723e-07
0.0645599	6.97046e-07
0.0652476	6.75445e-07
0.0659427	6.54513e-07
0.0666452	6.34229e-07
0.0673551	6.15958e-07
0.0680727	5.96869e-07
0.0687979	5.78372e-07
0.0695308	5.60448e-07
0.0702715	5.45527e-07
0.0710201	5.28621e-07
0.0717766	5.12239e-07
0.0725413	4.97482e-07
0.0733141	4.82065e-07
0.0740951	4.67126e-07
0.0748844	4.52649e-07
0.0756821	4.39609e-07
0.0764884	4.26944e-07
0.0773032	4.13713e-07
0.0781267	4.00892e-07
0.078959	3.88468e-07
0.0798002	3.77277e-07
0.0806503	3.65585e-07
0.0815094	3.54255e-07
0.0823778	3.43277e-07
0.0832553	3.33387e-07
0.0841422	3.23056e-07
0.0850386	3.13749e-07
0.0859445	3.04026e-07
0.0868601	2.94604e-07
0.0877854	2.85474e-07
0.0887206	2.7725e-07
0.0896657	2.68658e-07
0.0906209	2.60332e-07
0.0915863	2.52264e-07
0.092562	2.44446e-07
0.093548	2.36871e-07
0.0945446	2.30047e-07
0.0955518	2.2342e-07
0.0965697	2.16496e-07
0.0975984	2.09786e-07
0.0986382	2.03285e-07
0.0996889	1.97429e-07
0.100751	1.91741e-07
0.101824	1.85799e-07
0.102909	1.80041e-07
0.104005	1.74461e-07
0.105113	1.67541e-07
0.106233	1.62349e-07
0.107365	1.57318e-07
0.108508	1.52785e-07
0.109664	1.48051e-07
0.110833	1.42498e-07
0.112013	1.38082e-07
0.113207	1.33803e-07
0.114413	1.29948e-07
0.115631	1.25074e-07
0.116863	1.21198e-07
0.118108	1.17442e-07
0.119366	1.14059e-07
0.120638	1.09781e-07
0.121923	1.06379e-07
0.123222	1.03082e-07
0.124535	1.00112e-07
0.125861	9.63578e-08
0.127202	9.33716e-08
0.128557	9.06817e-08
0.129927	8.78714e-08
0.131311	8.45758e-08
0.13271	8.19548e-08
0.134123	7.95937e-08
0.135552	7.66086e-08
0.136996	7.42344e-08
0.138456	7.19339e-08
0.139931	6.98616e-08
0.141421	6.73928e-08
0.142928	6.53042e-08
0.144451	6.34229e-08
0.145989	6.09071e-08
0.147545	5.91524e-08
0.149116	5.73193e-08
0.150705	5.54182e-08
0.15231	5.37008e-08
0.153933	5.21537e-08
0.155573	5.04239e-08
0.15723	4.89713e-08
0.158905	4.74536e-08
0.160598	4.5983e-08
0.162309	4.4558e-08
0.164038	4.32743e-08
0.165785	4.20277e-08
0.167551	4.08169e-08
0.169336	3.9552e-08
0.17114	3.83262e-08
0.172963	3.71385e-08
0.174806	3.60686e-08
0.176668	3.48723e-08
0.17855	3.38677e-08
0.180452	3.28181e-08
0.182375	3.1801e-08
0.184317	3.08849e-08
0.186281	2.98605e-08
0.188265	2.90003e-08
0.190271	2.81016e-08
0.192298	2.7292e-08
0.194347	2.64462e-08
0.196417	2.56266e-08
0.198509	2.48883e-08
0.200624	2.45548e-08
0.202761	2.37939e-08
0.204921	2.30565e-08
0.207104	2.22417e-08
0.209311	2.15524e-08
0.21154	2.08376e-08
0.213794	2.02373e-08
0.216071	1.96101e-08
0.218373	1.90452e-08
0.2207	1.83722e-08
0.223051	1.78028e-08
0.225427	1.72511e-08
0.227828	1.67541e-08
0.230255	1.61984e-08
0.232708	1.57318e-08
0.235187	1.51758e-08
0.237693	1.47386e-08
0.240225	1.4314e-08
0.242784	1.38704e-08
0.24537	1.34104e-08
0.247984	1.30241e-08
0.250626	1.25921e-08
0.253296	1.2219e-08
0.255994	1.18737e-08
0.258721	1.15186e-08
0.261478	1.11742e-08
0.264263	1.08401e-08
0.267078	1.04983e-08
0.269923	1.02016e-08
0.272799	9.89932e-09
0.275705	9.59254e-09
0.278642	9.31619e-09
0.281611	9.0478e-09
0.284611	8.78714e-09
0.287642	8.53399e-09
0.290707	8.3068e-09
0.293804	8.06749e-09
0.296933	7.81747e-09
0.300097	7.60935e-09
0.303294	7.39013e-09
0.306525	7.19339e-09
0.30979	7.00188e-09
0.31309	6.81547e-09
0.316426	6.63403e-09
0.319796	6.45741e-09
0.323203	6.2855e-09
0.326646	6.13194e-09
0.330126	5.98212e-09
0.333643	5.84911e-09
0.337197	5.69339e-09
0.340789	5.5668e-09
0.34442	5.45527e-09
0.348089	5.33397e-09
0.351797	5.22711e-09
0.355545	5.13392e-09
0.359332	5.06512e-09
0.36316	5.03107e-09
0.367029	4.99724e-09
0.370939	4.99724e-09
0.374891	5.06512e-09
0.378884	5.23888e-09
0.382921	5.6806e-09
0.387	7.79991e-09
0.391122	0.000144494
0.395289	0.00014042
0.3995	0.000136375
0.403756	0.000132446
0.408057	0.000129102
0.412404	0.000125153
0.416798	0.000122216
0.421238	0.000118695
0.425725	0.000115276
0.43026	0.000112159
0.434844	0.000109127
0.439476	0.000105983
0.444158	0.000103307
0.44889	0.000100331
0.453672	9.75843e-05
0.458505	9.46665e-05
0.463389	9.1991e-05
0.468325	8.9391e-05
0.473315	8.68646e-05
0.478357	8.42673e-05
0.483453	8.18857e-05
0.488603	7.94373e-05
0.493808	7.71922e-05
0.499068	7.51371e-05
0.504385	7.30135e-05
0.509758	7.10697e-05
0.515189	6.91777e-05
0.520677	6.74496e-05
0.526224	6.55433e-05
0.53183	6.37984e-05
0.537495	6.22047e-05
0.543221	6.05487e-05
0.549008	5.90362e-05
0.554857	5.74645e-05
0.560767	5.6029e-05
0.566741	5.45374e-05
0.572779	5.32648e-05
0.578881	5.18468e-05
0.585047	5.0637e-05
0.59128	4.93721e-05
0.597579	4.81388e-05
0.603945	4.69363e-05
0.610379	4.58411e-05
0.616881	4.47714e-05
0.623453	4.36531e-05
0.630094	4.27064e-05
0.636807	4.16396e-05
0.64359	4.0668e-05
0.650447	3.97861e-05
0.657376	3.89233e-05
0.664379	3.80793e-05
0.671456	3.72535e-05
0.678609	3.65071e-05
0.685839	3.57155e-05
0.693145	3.4941e-05
0.700529	3.42988e-05
0.707992	3.36683e-05
0.715534	3.31053e-05
0.723156	3.26066e-05
0.73086	3.20613e-05
0.738646	3.15784e-05
0.746515	3.12078e-05
0.754467	3.07377e-05
0.762505	3.04796e-05
0.770628	3.00711e-05
0.778837	2.97684e-05
0.787134	2.95682e-05
0.795519	2.95682e-05
0.803994	2.93199e-05
0.812559	2.92387e-05
0.821215	2.92387e-05
0.829964	2.9286e-05
0.838805	2.96671e-05
0.847741	3.02481e-05
0.856772	3.10907e-05
0.856772	5.82164e-05
0.847741	6.58989e-05
0.838805	7.38442e-05
0.829964	8.22259e-05
0.821215	9.05225e-05
0.812559	9.94045e-05
0.803994	0.000108798
0.795519	0.000118503
0.787134	0.000129948
0.778837	0.000141222
0.770628	0.000152785
0.762505	0.000164924
0.754467	0.00017883
0.746515	0.000193039
0.738646	0.000208376
0.73086	0.000224932
0.723156	0.000241713
0.715534	0.000260332
0.707992	0.000280384
0.700529	0.000301303
0.693145	0.000323056
0.685839	0.000346378
0.678609	0.000371385
0.671456	0.000397302
0.664379	0.000425985
0.657376	0.000455713
0.650447	0.000487515
0.64359	0.000522711
0.636807	0.000559189
0.630094	0.000596869
0.623453	0.000637088
0.616881	0.000681547
0.610379	0.000727472
0.603945	0.000776492
0.597579	0.00083068
0.59128	0.000884662
0.585047	0.000944273
0.578881	0.00100564
0.572779	0.00107099
0.566741	0.00114316
0.560767	0.00121744
0.554857	0.00129656
0.549008	0.00138082
0.543221	0.00147055
0.537495	0.00156612
0.53183	0.00166789
0.526224	0.00177628
0.520677	0.00189171
0.515189	0.00201465
0.509758	0.00214557
0.504385	0.002285
0.499068	0.00242803
0.493808	0.00258582
0.488603	0.00274767
0.483453	0.00292623
0.478357	0.00311639
0.473315	0.00331146
0.468325	0.00352666
0.463389	0.00375584
0.458505	0.00399093
0.453672	0.00425028
0.44889	0.00452776
0.444158	0.00481929
0.439476	0.00514693
0.434844	0.00547832
0.43026	0.0058409
0.425725	0.00622747
0.421238	0.00663963
0.416798	0.00707906
0.412404	0.00756032
0.408057	0.00806069
0.403756	0.00860868
0.3995	0.00917843
0.395289	0.00980241
0.391122	0.0104718
0.387	0.0448596
0.382921	0.0488613
0.378884	0.0522711
0.374891	0.0557933
0.370939	0.0595528
0.367029	0.0634229
0.36316	0.0675445
0.359332	0.0719339
0.355545	0.076781
0.351797	0.0817707
0.348089	0.0872806
0.34442	0.0929526
0.340789	0.0992161
0.337197	0.105902
0.333643	0.113292
0.330126	0.120926
0.326646	0.129656
0.323203	0.138704
0.319796	0.148718
0.316426	0.159454
0.31309	0.170966
0.30979	0.183722
0.306525	0.197429
0.303294	0.212158
0.300097	0.2285
0.296933	0.246655
0.293804	0.265654
0.290707	0.287406
0.287642	0.310939
0.284611	0.337157
0.281611	0.365585
0.278642	0.397302
0.275705	0.433718
0.272799	0.472407
0.269923	0.516867
0.267078	0.56806
0.264263	0.624324
0.261478	0.689253
0.258721	0.762648
0.255994	0.84957
0.253296	0.952805
0.250626	1
0.247984	1
0.24537	1
0.242784	1
0.240225	1
0.237693	1
0.235187	1
0.232708	1
0.230255	1
0.227828	1
0.225427	1
0.223051	1
0.2207	1
0.218373	1
0.216071	1
0.213794	1
0.21154	1
0.209311	1
0.207104	1
0.204921	1
0.202761	1
0.200624	1
0.198509	1
0.196417	1
0.194347	1
0.192298	1
0.190271	1
0.188265	1
0.186281	1
0.184317	1
0.182375	1
0.180452	1
0.17855	1
0.176668	1
0.174806	1
0.172963	1
0.17114	1
0.169336	1
0.167551	1
0.165785	1
0.164038	1
0.162309	1
0.160598	1
0.158905	1
0.15723	1
0.155573	1
0.153933	1
0.15231	1
0.150705	1
0.149116	1
0.147545	1
0.145989	1
0.144451	1
0.142928	1
0.141421	1
0.139931	1
0.138456	1
0.136996	1
0.135552	1
0.134123	1
0.13271	1
0.131311	1
0.129927	1
0.128557	1
0.127202	1
0.125861	1
0.124535	1
0.123222	1
0.121923	1
0.120638	1
0.119366	1
0.118108	1
0.116863	1
0.115631	1
0.114413	1
0.113207	1
0.112013	1
0.110833	1
0.109664	1
0.108508	1
0.107365	1
0.106233	1
0.105113	1
0.104005	1
0.102909	1
0.101824	1
0.100751	1
0.0996889	1
0.0986382	1
0.0975984	1
0.0965697	1
0.0955518	1
0.0945446	1
0.093548	1
0.092562	1
0.0915863	1
0.0906209	1
0.0896657	1
0.0887206	1
0.0877854	1
0.0868601	1
0.0859445	1
0.0850386	1
0.0841422	1
0.0832553	1
0.0823778	1
0.0815094	1
0.0806503	1
0.0798002	1
0.078959	1
0.0781267	1
0.0773032	1
0.0764884	1
0.0756821	1
0.0748844	1
0.0740951	1
0.0733141	1
0.0725413	1
0.0717766	1
0.0710201	1
0.0702715	1
0.0695308	1
0.0687979	1
0.0680727	1
0.0673551	1
0.0666452	1
0.0659427	1
0.0652476	1
0.0645599	1
0.0638794	1
0.063206	1
0.0625398	1
0.0618806	1
0.0612283	1
0.0605829	1
0.0599443	1
0.0593125	1
0.0586873	1
0.0580687	1
0.0574566	1
0.056851	1
0.0562517	1
0.0556588	1
0.0550721	1
0.0544916	1
0.0539172	1
0.0533489	1
0.0527866	1
0.0522302	1
0.0516796	1
0.0511349	1
0.0505959	1
0.0500626	1
0.0495349	1
0.0490127	1
0.0484961	1
0.0479849	1
0.0474791	1
0.0469787	1
0.0464835	1
0.0459935	1
0.0455087	1
0.045029	1
0.0445544	1
0.0440848	1
0.0436201	1
0.0431603	1
0.0427053	1
0.0422552	1
0.0418098	1
0.0413691	1
0.040933	1
0.0405016	1
0.0400747	1
0.0396522	1
0.0392343	1
0.0388207	1
0.0384115	1
0.0380066	1
0.037606	1
0.0372096	1
0.0368174	1
0.0364293	1
0.0360454	1
0.0356654	1
0.0352895	1
0.0349175	1
0.0345494	1
0.0341853	1
0.0338249	1
0.0334684	1
0.0331156	1
0.0327666	1
0.0324212	1
0.0320794	1
0.0317413	1
0.0314067	1
0.0310757	1
0.0307481	1
0.030424	1
0.0301033	1
0.029786	1
0.029472	1
0.0291614	1
0.028854	1
0.0285499	1
0.0282489	1
0.0279512	1
0.0276565	1
0.027365	1
0.0270766	1
0.0267912	1
0.0265088	1
0.0262293	1
0.0259529	1
0.0256793	1
0.0254086	1
0.0251408	1
0.0248758	1
0.0246136	1
0.0243542	1
0.0240974	1
0.0238434	1
0.0235921	1
0.0233434	1
0.0230974	1
0.0228539	1
0.022613	1
0.0223747	1
0.0221388	1
0.0219055	1
0.0216746	1
0.0214461	1
0.02122	1
0.0209964	1
0.0207751	1
0.0205561	1
0.0203394	1
0.020125	1
0.0199129	1
0.019703	1
0.0194953	1
0.0192898	1
0.0190865	1
0.0188853	1
0.0186862	1
0.0184893	1
0.0182944	1
0.0181015	1
0.0179107	1
0.0177219	1
0.0175351	1
0.0173503	1
0.0171674	1
0.0169865	1
0.0168074	1
0.0166303	1
0.016455	1
0.0162815	1
0.0161099	1
0.0159401	1
0.0157721	1
0.0156058	1
0.0154413	1
0.0152786	1
0.0151175	1
0.0149582	1
0.0148005	1
0.0146445	1
0.0144901	1
0.0143374	1
0.0141863	1
0.0140367	1
0.0138888	1
0.0137424	1
0.0135975	1
0.0134542	1
0.0133124	1
0.0131721	1
0.0130332	1
0.0128958	1
0.0127599	1
0.0126254	1
0.0124923	1
0.0123606	1
0.0122304	1
0.0121014	1
0.0119739	1
0.0118477	1
0.0117228	1
0.0115992	1
0.011477	1
0.011356	1
0.0112363	1
0.0111178	1
0.0110007	1
0.0108847	1
0.01077	1
0.0106564	1
0.0105441	1
0.010433	1
0.010323	1
0.0102142	1
0.0101065	1
0.01	1
0.01	2.43897e-05


