#Mass	Ue	Um	Events
0.106233	0.00373059
0.107365	1.57672e-05
0.108508	3.90219e-06
0.109664	1.64554e-06
0.110833	8.76741e-07
0.112013	5.34598e-07
0.113207	3.56653e-07
0.114413	2.53401e-07
0.115631	1.89171e-07
0.116863	1.46725e-07
0.118108	1.17178e-07
0.119366	9.63578e-08
0.120638	8.08565e-08
0.121923	6.93919e-08
0.123222	6.04976e-08
0.124535	5.38217e-08
0.125861	4.8642e-08
0.127202	4.47588e-08
0.128557	4.18391e-08
0.129927	3.98197e-08
0.131311	3.8499e-08
0.13271	3.78977e-08
0.134123	3.79831e-08
0.135552	3.84125e-08
0.136996	3.87596e-08
0.138456	3.78977e-08
0.139931	3.44824e-08
0.141421	3.08155e-08
0.142928	2.76006e-08
0.144451	2.48324e-08
0.145989	2.23922e-08
0.147545	2.02373e-08
0.149116	1.83309e-08
0.150705	1.66415e-08
0.15231	1.51417e-08
0.153933	1.38393e-08
0.155573	1.26488e-08
0.15723	1.15868e-08
0.158905	1.0614e-08
0.160598	9.76666e-09
0.162309	8.98697e-09
0.164038	8.28814e-09
0.165785	7.64365e-09
0.167551	7.06515e-09
0.169336	6.54513e-09
0.17114	6.06338e-09
0.172963	5.62974e-09
0.174806	5.23888e-09
0.176668	4.87515e-09
0.17855	4.53668e-09
0.180452	4.23121e-09
0.182375	3.94631e-09
0.184317	3.68888e-09
0.186281	3.44824e-09
0.188265	3.2233e-09
0.190271	3.01982e-09
0.192298	2.83555e-09
0.194347	2.65654e-09
0.196417	2.49444e-09
0.198509	2.3475e-09
0.200624	2.24932e-09
0.202761	2.11682e-09
0.204921	1.99212e-09
0.207104	1.879e-09
0.209311	1.77229e-09
0.21154	1.67165e-09
0.213794	1.57672e-09
0.216071	1.49053e-09
0.218373	1.40905e-09
0.2207	1.33502e-09
0.223051	1.26204e-09
0.225427	1.19574e-09
0.227828	1.13292e-09
0.230255	1.07582e-09
0.232708	1.0193e-09
0.235187	9.67921e-10
0.237693	9.21203e-10
0.240225	8.74771e-10
0.242784	8.3255e-10
0.24537	7.92366e-10
0.247984	7.54122e-10
0.250626	7.17723e-10
0.253296	6.84619e-10
0.255994	6.53042e-10
0.258721	6.22922e-10
0.261478	5.95528e-10
0.264263	5.6806e-10
0.267078	5.43079e-10
0.269923	5.20366e-10
0.272799	4.97482e-10
0.275705	4.76675e-10
0.278642	4.56739e-10
0.281611	4.37636e-10
0.284611	4.20277e-10
0.287642	4.03605e-10
0.290707	3.87596e-10
0.293804	3.72221e-10
0.296933	3.58261e-10
0.300097	3.44824e-10
0.303294	3.31891e-10
0.306525	3.20163e-10
0.30979	3.08849e-10
0.31309	2.98605e-10
0.316426	2.88053e-10
0.319796	2.79126e-10
0.323203	2.69869e-10
0.326646	2.61505e-10
0.330126	2.53972e-10
0.333643	2.46655e-10
0.337197	2.40088e-10
0.340789	2.33697e-10
0.34442	2.27987e-10
0.348089	2.22417e-10
0.351797	2.17471e-10
0.355545	2.13115e-10
0.359332	2.09315e-10
0.36316	2.06046e-10
0.367029	2.03285e-10
0.370939	2.01012e-10
0.374891	1.99661e-10
0.378884	1.99661e-10
0.382921	2.01012e-10
0.387	2.06046e-10
0.391122	2.09786e-10
0.395289	2.07441e-10
0.3995	2.06046e-10
0.403756	2.08845e-10
0.408057	2.07908e-10
0.412404	2.07908e-10
0.416798	2.08845e-10
0.421238	2.10259e-10
0.425725	2.13115e-10
0.43026	2.16496e-10
0.434844	2.21917e-10
0.439476	2.285e-10
0.444158	2.37404e-10
0.44889	2.49444e-10
0.453672	2.65654e-10
0.458505	2.86761e-10
0.463389	3.16584e-10
0.468325	3.59067e-10
0.473315	4.25028e-10
0.478357	5.35801e-10
0.483453	7.64365e-10
0.488603	1.46725e-09
0.493808	7.32602e-08
0.499068	7.01173e-08
0.504385	6.71092e-08
0.509758	6.42302e-08
0.515189	6.14747e-08
0.520677	5.88374e-08
0.526224	5.63132e-08
0.53183	5.38973e-08
0.537495	5.16722e-08
0.543221	4.94554e-08
0.549008	4.74136e-08
0.554857	4.53796e-08
0.560767	4.35061e-08
0.566741	4.16396e-08
0.572779	3.99205e-08
0.578881	3.82724e-08
0.585047	3.66305e-08
0.59128	3.51182e-08
0.597579	3.36683e-08
0.603945	3.22783e-08
0.610379	3.09457e-08
0.616881	2.96681e-08
0.623453	2.84913e-08
0.630094	2.7315e-08
0.636807	2.61873e-08
0.64359	2.51485e-08
0.650447	2.41103e-08
0.657376	2.31149e-08
0.664379	2.2198e-08
0.671456	2.13175e-08
0.678609	2.04374e-08
0.685839	1.96267e-08
0.693145	1.88481e-08
0.700529	1.81005e-08
0.707992	1.73825e-08
0.715534	1.6693e-08
0.723156	1.60308e-08
0.73086	1.53949e-08
0.738646	1.47843e-08
0.746515	1.42218e-08
0.754467	1.36576e-08
0.762505	1.31159e-08
0.770628	1.26169e-08
0.778837	1.21369e-08
0.787134	1.16554e-08
0.795519	1.1212e-08
0.803994	1.07854e-08
0.812559	1.03751e-08
0.821215	9.96633e-09
0.829964	9.59254e-09
0.838805	9.23277e-09
0.847741	8.88649e-09
0.856772	8.55321e-09
0.865899	8.23242e-09
0.875123	7.9415e-09
0.884446	7.64365e-09
0.893868	7.35697e-09
0.90339	7.09699e-09
0.913014	6.83082e-09
0.922741	6.58943e-09
0.932571	6.34229e-09
0.942505	6.11816e-09
0.952546	5.90196e-09
0.962693	5.69339e-09
0.972949	5.4922e-09
0.983313	5.29811e-09
0.993789	5.11088e-09
1.00438	4.94137e-09
1.01508	4.76675e-09
1.02589	4.60866e-09
1.03682	4.44579e-09
1.04786	4.29834e-09
1.05903	4.15578e-09
1.07031	4.01794e-09
1.08171	3.88468e-09
1.09323	3.75584e-09
1.10488	3.63944e-09
1.11665	3.51874e-09
1.12854	3.40969e-09
1.14057	3.30402e-09
1.15272	3.20163e-09
1.165	3.10241e-09
1.17741	3.01303e-09
1.18995	2.91966e-09
1.20263	2.83555e-09
1.21544	2.75386e-09
1.22839	2.67452e-09
1.24147	2.59747e-09
1.2547	2.52832e-09
1.26806	2.46101e-09
1.28157	2.39549e-09
1.29523	2.33172e-09
1.30902	2.27475e-09
1.32297	2.21917e-09
1.33706	2.16496e-09
1.35131	2.11682e-09
1.3657	2.06975e-09
1.38025	2.02373e-09
1.39495	1.98319e-09
1.40981	1.94345e-09
1.42483	1.90452e-09
1.44001	1.87478e-09
1.45535	1.84135e-09
1.47086	1.8126e-09
1.48653	1.7883e-09
1.50236	1.76434e-09
1.51837	1.74461e-09
1.53454	1.72899e-09
1.55089	1.71351e-09
1.56741	1.70582e-09
1.58411	1.69817e-09
1.60098	1.69817e-09
1.61804	1.69817e-09
1.63528	1.70582e-09
1.6527	1.71737e-09
1.6703	1.73679e-09
1.6881	1.76434e-09
1.70608	1.80041e-09
1.72425	1.84965e-09
1.74262	1.90881e-09
1.76119	1.98765e-09
1.77995	2.08845e-09
1.79891	2.21917e-09
1.81807	2.39011e-09
1.83744	2.62094e-09
1.85702	2.95267e-09
1.8768	3.43277e-09
1.89679	4.21223e-09
1.917	5.65511e-09
1.93742	9.1501e-09
1.95806	2.9562e-08
1.95806	7.10398e-07
1.93742	1.13547e-06
1.917	1.38082e-06
1.89679	1.58382e-06
1.8768	1.77229e-06
1.85702	1.95221e-06
1.83744	2.13594e-06
1.81807	2.32648e-06
1.79891	2.51698e-06
1.77995	2.71695e-06
1.76119	2.93282e-06
1.74262	3.15163e-06
1.72425	3.37916e-06
1.70608	3.62311e-06
1.6881	3.88468e-06
1.6703	4.15578e-06
1.6527	4.43581e-06
1.63528	4.74536e-06
1.61804	5.06512e-06
1.60098	5.40642e-06
1.58411	5.77073e-06
1.56741	6.14574e-06
1.55089	6.55986e-06
1.53454	6.98616e-06
1.51837	7.44016e-06
1.50236	7.92366e-06
1.48653	8.45758e-06
1.47086	9.0072e-06
1.45535	9.59254e-06
1.44001	1.02159e-05
1.42483	1.08554e-05
1.40981	1.15608e-05
1.39495	1.23121e-05
1.38025	1.31122e-05
1.3657	1.39643e-05
1.35131	1.48718e-05
1.33706	1.58382e-05
1.32297	1.68675e-05
1.30902	1.79636e-05
1.29523	1.91741e-05
1.28157	2.04201e-05
1.26806	2.17471e-05
1.2547	2.31604e-05
1.24147	2.4721e-05
1.22839	2.63275e-05
1.21544	2.81016e-05
1.20263	2.99951e-05
1.18995	3.19444e-05
1.17741	3.40969e-05
1.165	3.63944e-05
1.15272	3.88468e-05
1.14057	4.14644e-05
1.12854	4.43581e-05
1.11665	4.73471e-05
1.10488	5.05374e-05
1.09323	5.40642e-05
1.08171	5.77073e-05
1.07031	6.15958e-05
1.05903	6.58943e-05
1.04786	7.03344e-05
1.03682	7.52428e-05
1.02589	8.03129e-05
1.01508	8.57246e-05
1.00438	9.1707e-05
0.993789	9.78865e-05
0.983313	0.000104718
0.972949	0.000111774
0.962693	0.000119574
0.952546	0.000127919
0.942505	0.000136845
0.932571	0.000146395
0.922741	0.000156964
0.913014	0.000167918
0.90339	0.000180041
0.893868	0.000193039
0.884446	0.000207908
0.875123	0.000223922
0.865899	0.000237939
0.856772	0.000253401
0.847741	0.000269262
0.838805	0.000286761
0.829964	0.00030471
0.821215	0.000323783
0.812559	0.000343277
0.803994	0.000363944
0.795519	0.000385856
0.787134	0.000408169
0.778837	0.000431771
0.770628	0.000455713
0.762505	0.000482065
0.754467	0.000508795
0.746515	0.000537008
0.738646	0.000566785
0.73086	0.000598212
0.723156	0.000631383
0.715534	0.000666393
0.707992	0.000703344
0.700529	0.000740677
0.693145	0.000781747
0.685839	0.000825095
0.678609	0.000870846
0.671456	0.000919134
0.664379	0.000967921
0.657376	0.00102159
0.650447	0.00107824
0.64359	0.00113803
0.636807	0.00119843
0.630094	0.00126488
0.623453	0.00133202
0.616881	0.00140588
0.610379	0.00148051
0.603945	0.0015626
0.597579	0.00164924
0.59128	0.00173679
0.585047	0.00182897
0.578881	0.00192605
0.572779	0.00203285
0.566741	0.00214075
0.560767	0.00225438
0.554857	0.00237404
0.549008	0.00250568
0.543221	0.00263868
0.537495	0.00277874
0.53183	0.00292623
0.526224	0.00308849
0.520677	0.00325242
0.515189	0.00342506
0.509758	0.00360686
0.504385	0.00380686
0.499068	0.00400892
0.493808	0.00422171
0.488603	0.00582286
0.483453	0.00650112
0.478357	0.00706515
0.473315	0.00759226
0.468325	0.00812209
0.463389	0.00866938
0.458505	0.00923277
0.453672	0.00983277
0.44889	0.0104248
0.444158	0.0110773
0.439476	0.0117442
0.434844	0.0124513
0.43026	0.013201
0.425725	0.0139643
0.421238	0.0148051
0.416798	0.0156612
0.412404	0.0165668
0.408057	0.0175642
0.403756	0.0185799
0.3995	0.0196543
0.395289	0.0208376
0.391122	0.0220425
0.387	0.0235278
0.382921	0.0251132
0.378884	0.0266851
0.374891	0.0283555
0.370939	0.0300627
0.367029	0.0319444
0.36316	0.0338677
0.359332	0.0359067
0.355545	0.0381543
0.351797	0.0404514
0.348089	0.0428869
0.34442	0.0455713
0.340789	0.048315
0.337197	0.0513392
0.333643	0.0544302
0.330126	0.0578372
0.326646	0.0614574
0.323203	0.0653042
0.319796	0.0693919
0.316426	0.0739013
0.31309	0.0787039
0.30979	0.0836302
0.306525	0.089065
0.303294	0.0950665
0.300097	0.101244
0.296933	0.108067
0.293804	0.115089
0.290707	0.123121
0.287642	0.131417
0.284611	0.140588
0.281611	0.150399
0.278642	0.160895
0.275705	0.172511
0.272799	0.184965
0.269923	0.198765
0.267078	0.213594
0.264263	0.22953
0.261478	0.24721
0.258721	0.266851
0.255994	0.288053
0.253296	0.311639
0.250626	0.337916
0.247984	0.368059
0.24537	0.409088
0.242784	0.442584
0.240225	0.473471
0.237693	0.506512
0.235187	0.543079
0.232708	0.583597
0.230255	0.62573
0.227828	0.672414
0.225427	0.724208
0.223051	0.77824
0.2207	0.840072
0.218373	0.90478
0.216071	0.976666
0.213794	1
0.21154	1
0.209311	1
0.207104	1
0.204921	1
0.202761	1
0.200624	1
0.198509	1
0.196417	1
0.194347	1
0.192298	1
0.190271	1
0.188265	1
0.186281	1
0.184317	1
0.182375	1
0.180452	1
0.17855	1
0.176668	1
0.174806	1
0.172963	1
0.17114	1
0.169336	1
0.167551	1
0.165785	1
0.164038	1
0.162309	1
0.160598	1
0.158905	1
0.15723	1
0.155573	1
0.153933	1
0.15231	1
0.150705	1
0.149116	1
0.147545	1
0.145989	1
0.144451	1
0.142928	1
0.141421	1
0.139931	1
0.138456	1
0.136996	1
0.135552	1
0.134123	1
0.13271	1
0.131311	1
0.129927	1
0.128557	1
0.127202	1
0.125861	1
0.124535	1
0.123222	1
0.121923	1
0.120638	1
0.119366	1
0.118108	1
0.116863	1
0.115631	1
0.114413	1
0.113207	1
0.112013	1
0.110833	1
0.109664	1
0.108508	1
0.107365	1
0.106233	1
0.106233	0.00373059
