#Mass	Ue	Ut	Events
0.01	0.000645741
0.0101065	0.00062573
0.0102142	0.000607703
0.010323	0.00058887
0.010433	0.000570621
0.0105441	0.000552937
0.0106564	0.000535801
0.01077	0.000520366
0.0108847	0.000504239
0.0110007	0.000488613
0.0111178	0.000473471
0.0112363	0.00045983
0.011356	0.00044558
0.011477	0.000431771
0.0115992	0.000418391
0.0117228	0.000406337
0.0118477	0.000393745
0.0119739	0.000381543
0.0121014	0.000370551
0.0122304	0.000359067
0.0123606	0.00034794
0.0124923	0.000337916
0.0126254	0.000327444
0.0127599	0.000317296
0.0128958	0.000308155
0.0130332	0.000298605
0.0131721	0.000289352
0.0133124	0.000281016
0.0134542	0.000272307
0.0135975	0.000264462
0.0137424	0.000256266
0.0138888	0.000248883
0.0140367	0.000241171
0.0141863	0.000233697
0.0143374	0.000226964
0.0144901	0.00021993
0.0146445	0.000213594
0.0148005	0.000206975
0.0149582	0.000201012
0.0151175	0.000194783
0.0152786	0.000189171
0.0154413	0.000183309
0.0156058	0.000178028
0.0157721	0.000172511
0.0159401	0.000167541
0.0161099	0.000162714
0.0162815	0.000157672
0.016455	0.000153129
0.0166303	0.000148718
0.0168074	0.000144109
0.0169865	0.000139957
0.0171674	0.00013562
0.0173503	0.000131713
0.0175351	0.000127919
0.0177219	0.000124233
0.0179107	0.000120383
0.0181015	0.000116915
0.0182944	0.000113547
0.0184893	0.000110276
0.0186862	0.000106858
0.0188853	0.00010378
0.0190865	0.00010079
0.0192898	9.78865e-05
0.0194953	9.50665e-05
0.019703	9.21203e-05
0.0199129	8.94664e-05
0.020125	8.6889e-05
0.0203394	8.43858e-05
0.0205561	8.19548e-05
0.0207751	7.95937e-05
0.0209964	7.73007e-05
0.02122	7.50738e-05
0.0214461	7.2911e-05
0.0216746	7.08105e-05
0.0219055	6.87705e-05
0.0221388	6.67893e-05
0.0223747	6.48652e-05
0.022613	6.29965e-05
0.0228539	6.11816e-05
0.0230974	5.95528e-05
0.0233434	5.78372e-05
0.0235921	5.61709e-05
0.0238434	5.45527e-05
0.0240974	5.29811e-05
0.0243542	5.15706e-05
0.0246136	5.00849e-05
0.0248758	4.8642e-05
0.0251408	4.72407e-05
0.0254086	4.5983e-05
0.0256793	4.46583e-05
0.0259529	4.34694e-05
0.0262293	4.22171e-05
0.0265088	4.10009e-05
0.0267912	3.99093e-05
0.0270766	3.87596e-05
0.027365	3.77277e-05
0.0276565	3.66408e-05
0.0279512	3.56653e-05
0.0282489	3.47158e-05
0.0285499	3.37157e-05
0.028854	3.28181e-05
0.0291614	3.18726e-05
0.029472	3.10241e-05
0.029786	3.01982e-05
0.0301033	2.93942e-05
0.030424	2.85474e-05
0.0307481	2.77874e-05
0.0310757	2.70476e-05
0.0314067	2.63275e-05
0.0317413	2.56266e-05
0.0320794	2.48883e-05
0.0324212	2.42258e-05
0.0327666	2.35808e-05
0.0331156	2.2953e-05
0.0334684	2.2342e-05
0.0338249	2.17471e-05
0.0341853	2.11682e-05
0.0345494	2.0651e-05
0.0349175	2.01012e-05
0.0352895	1.95661e-05
0.0356654	1.90452e-05
0.0360454	1.85382e-05
0.0364293	1.80446e-05
0.0368174	1.76038e-05
0.0372096	1.71351e-05
0.037606	1.66789e-05
0.0380066	1.62714e-05
0.0384115	1.58382e-05
0.0388207	1.54166e-05
0.0392343	1.50399e-05
0.0396522	1.46395e-05
0.0400747	1.42819e-05
0.0405016	1.39017e-05
0.040933	1.3562e-05
0.0413691	1.3201e-05
0.0418098	1.28784e-05
0.0422552	1.25356e-05
0.0427053	1.22293e-05
0.0431603	1.19305e-05
0.0436201	1.16129e-05
0.0440848	1.13292e-05
0.0445544	1.10524e-05
0.045029	1.07582e-05
0.0455087	1.04953e-05
0.0459935	1.02389e-05
0.0464835	9.98876e-06
0.0469787	9.74472e-06
0.0474791	9.48529e-06
0.0479849	9.25355e-06
0.0484961	9.02748e-06
0.0490127	8.80692e-06
0.0495349	8.59176e-06
0.0500626	8.38185e-06
0.0505959	8.1587e-06
0.0511349	7.95937e-06
0.0516796	7.76492e-06
0.0522302	7.57521e-06
0.0527866	7.39013e-06
0.0533489	7.20958e-06
0.0539172	7.03344e-06
0.0544916	6.86161e-06
0.0550721	6.69397e-06
0.0556588	6.51576e-06
0.0562517	6.35657e-06
0.056851	6.20127e-06
0.0574566	6.04976e-06
0.0580687	5.90196e-06
0.0586873	5.75776e-06
0.0593125	5.61709e-06
0.0599443	5.46755e-06
0.0605829	5.33397e-06
0.0612283	5.20366e-06
0.0618806	5.07652e-06
0.0625398	4.94137e-06
0.063206	4.82065e-06
0.0638794	4.70287e-06
0.0645599	4.57767e-06
0.0652476	4.46583e-06
0.0659427	4.35673e-06
0.0666452	4.24074e-06
0.0673551	4.13713e-06
0.0680727	4.02699e-06
0.0687979	3.9286e-06
0.0695308	3.82401e-06
0.0702715	3.72221e-06
0.0710201	3.63127e-06
0.0717766	3.5346e-06
0.0725413	3.4405e-06
0.0733141	3.35644e-06
0.0740951	3.26708e-06
0.0748844	3.1801e-06
0.0756821	3.09544e-06
0.0764884	3.01303e-06
0.0773032	2.93282e-06
0.0781267	2.85474e-06
0.078959	2.77874e-06
0.0798002	2.71085e-06
0.0806503	2.63868e-06
0.0815094	2.56843e-06
0.0823778	2.50005e-06
0.0832553	2.4335e-06
0.0841422	2.36871e-06
0.0850386	2.30565e-06
0.0859445	2.23922e-06
0.0868601	2.17961e-06
0.0877854	2.12158e-06
0.0887206	2.0651e-06
0.0896657	2.01012e-06
0.0906209	1.95661e-06
0.0915863	1.90881e-06
0.092562	1.85799e-06
0.093548	1.80852e-06
0.0945446	1.76038e-06
0.0955518	1.71351e-06
0.0965697	1.66789e-06
0.0975984	1.62349e-06
0.0986382	1.58382e-06
0.0996889	1.54166e-06
0.100751	1.50062e-06
0.101824	1.46395e-06
0.102909	1.42498e-06
0.104005	1.39017e-06
0.105113	1.35316e-06
0.106233	1.3201e-06
0.107365	1.28784e-06
0.108508	1.25356e-06
0.109664	1.22293e-06
0.110833	1.19305e-06
0.112013	1.16391e-06
0.113207	1.13547e-06
0.114413	1.10773e-06
0.115631	1.08067e-06
0.116863	1.05426e-06
0.118108	1.02851e-06
0.119366	1.00338e-06
0.120638	9.78865e-07
0.121923	9.57099e-07
0.123222	9.33716e-07
0.124535	9.10904e-07
0.125861	8.9065e-07
0.127202	8.6889e-07
0.128557	8.4957e-07
0.129927	8.3068e-07
0.131311	8.12209e-07
0.13271	7.92366e-07
0.134123	7.74747e-07
0.135552	7.57521e-07
0.136996	7.42344e-07
0.138456	7.27472e-07
0.139931	7.71271e-07
0.141421	7.55819e-07
0.142928	7.40677e-07
0.144451	7.25838e-07
0.145989	7.11297e-07
0.147545	6.98616e-07
0.149116	6.86161e-07
0.150705	6.72414e-07
0.15231	6.60426e-07
0.153933	6.48652e-07
0.155573	6.37088e-07
0.15723	6.2573e-07
0.158905	6.15958e-07
0.160598	6.04976e-07
0.162309	5.95528e-07
0.164038	5.86228e-07
0.165785	5.77073e-07
0.167551	5.6806e-07
0.169336	5.59189e-07
0.17114	5.51695e-07
0.172963	5.43079e-07
0.174806	5.35801e-07
0.176668	5.28621e-07
0.17855	5.22711e-07
0.180452	5.15706e-07
0.182375	5.09941e-07
0.184317	5.03107e-07
0.186281	4.97482e-07
0.188265	4.93027e-07
0.190271	4.87515e-07
0.192298	4.8315e-07
0.194347	4.78824e-07
0.196417	4.74536e-07
0.198509	4.71346e-07
0.200624	4.84238e-07
0.202761	4.80982e-07
0.204921	4.77883e-07
0.207104	4.75471e-07
0.209311	4.73071e-07
0.21154	4.71479e-07
0.213794	4.69891e-07
0.216071	4.69099e-07
0.218373	4.68309e-07
0.2207	4.6752e-07
0.223051	4.6752e-07
0.225427	4.68309e-07
0.227828	4.69891e-07
0.230255	4.71479e-07
0.232708	4.73071e-07
0.235187	4.75471e-07
0.237693	4.78689e-07
0.240225	4.82743e-07
0.242784	4.87652e-07
0.24537	4.92612e-07
0.247984	4.99303e-07
0.250626	5.06085e-07
0.253296	5.13825e-07
0.255994	5.22564e-07
0.258721	5.33247e-07
0.261478	5.44149e-07
0.264263	5.57149e-07
0.267078	5.71423e-07
0.269923	5.88043e-07
0.272799	6.06168e-07
0.275705	6.25906e-07
0.278642	6.49564e-07
0.281611	6.75255e-07
0.284611	7.04333e-07
0.287642	7.38391e-07
0.290707	7.75401e-07
0.293804	8.18397e-07
0.296933	8.68158e-07
0.300097	9.24056e-07
0.303294	9.88542e-07
0.306525	1.06289e-06
0.30979	1.14863e-06
0.31309	1.24548e-06
0.316426	1.35735e-06
0.319796	1.47926e-06
0.323203	1.61212e-06
0.326646	1.74805e-06
0.330126	1.87952e-06
0.333643	1.99045e-06
0.337197	2.06917e-06
0.340789	2.10436e-06
0.34442	2.10081e-06
0.348089	2.06568e-06
0.351797	2.01069e-06
0.355545	1.95057e-06
0.359332	1.89225e-06
0.36316	1.83257e-06
0.367029	1.77778e-06
0.370939	1.72172e-06
0.374891	1.67024e-06
0.378884	1.61757e-06
0.382921	1.56656e-06
0.387	1.51972e-06
0.391122	1.47179e-06
0.395289	1.42779e-06
0.3995	1.38276e-06
0.403756	1.36653e-06
0.408057	1.32344e-06
0.412404	1.28171e-06
0.416798	1.24129e-06
0.421238	1.20417e-06
0.425725	1.1662e-06
0.43026	1.12942e-06
0.434844	1.09565e-06
0.439476	1.0611e-06
0.444158	1.02764e-06
0.44889	9.96913e-07
0.453672	9.65475e-07
0.458505	9.35029e-07
0.463389	9.05543e-07
0.468325	8.78467e-07
0.473315	8.50765e-07
0.478357	8.23936e-07
0.483453	7.993e-07
0.488603	7.75401e-07
0.493808	9.62765e-05
0.499068	9.46665e-05
0.504385	9.30834e-05
0.509758	9.16812e-05
0.515189	9.0148e-05
0.520677	8.89399e-05
0.526224	8.7748e-05
0.53183	8.65721e-05
0.537495	8.55561e-05
0.543221	8.46947e-05
0.549008	8.38421e-05
0.554857	8.3138e-05
0.560767	8.25791e-05
0.566741	8.21623e-05
0.572779	8.20239e-05
0.578881	8.20239e-05
0.585047	8.21623e-05
0.59128	8.28581e-05
0.597579	8.38421e-05
0.603945	8.54119e-05
0.610379	8.80445e-05
0.616881	9.24576e-05
0.616881	0.000160173
0.610379	0.000183722
0.603945	0.00020651
0.597579	0.00022953
0.59128	0.000253401
0.585047	0.000278499
0.578881	0.000304026
0.572779	0.000331891
0.566741	0.000361498
0.560767	0.000391978
0.554857	0.000425028
0.549008	0.000458798
0.543221	0.00049525
0.537495	0.000534598
0.53183	0.000577073
0.526224	0.000621523
0.520677	0.000667893
0.515189	0.000717723
0.509758	0.000771271
0.504385	0.000826952
0.499068	0.000886653
0.493808	0.000950665
0.488603	0.00402699
0.483453	0.00425028
0.478357	0.00448596
0.473315	0.00473471
0.468325	0.00500849
0.463389	0.00528621
0.458505	0.00557933
0.453672	0.0058887
0.44889	0.00621523
0.444158	0.00655986
0.439476	0.0069236
0.434844	0.00732396
0.43026	0.00773007
0.425725	0.0081587
0.421238	0.00863048
0.416798	0.00910904
0.412404	0.00961413
0.408057	0.0101701
0.403756	0.010734
0.3995	0.0113547
0.395289	0.0120113
0.391122	0.0126773
0.387	0.0134104
0.382921	0.0141859
0.378884	0.0150062
0.374891	0.0158739
0.370939	0.0167541
0.367029	0.0177628
0.36316	0.01879
0.359332	0.0198765
0.355545	0.0210259
0.351797	0.0222918
0.348089	0.0235808
0.34442	0.0250568
0.340789	0.0266851
0.337197	0.0284833
0.333643	0.0305396
0.330126	0.0328181
0.326646	0.035346
0.323203	0.0380686
0.319796	0.0410932
0.316426	0.0442584
0.31309	0.0477748
0.30979	0.0514548
0.306525	0.0554182
0.303294	0.0595528
0.300097	0.06414
0.296933	0.0689253
0.293804	0.0740677
0.290707	0.0795937
0.287642	0.0853399
0.284611	0.091707
0.281611	0.0983277
0.278642	0.105664
0.275705	0.113292
0.272799	0.121744
0.269923	0.130534
0.267078	0.140273
0.264263	0.150738
0.261478	0.16162
0.258721	0.173679
0.255994	0.186636
0.253296	0.200561
0.250626	0.215524
0.247984	0.232125
0.24537	0.250005
0.242784	0.268658
0.240225	0.289352
0.237693	0.312341
0.235187	0.3364
0.232708	0.363127
0.230255	0.39286
0.227828	0.424074
0.225427	0.458798
0.223051	0.496365
0.2207	0.538217
0.218373	0.583597
0.216071	0.632804
0.213794	0.687705
0.21154	0.749052
0.209311	0.81587
0.207104	0.888649
0.204921	0.9701
0.202761	1
0.200624	1
0.198509	1
0.196417	1
0.194347	1
0.192298	1
0.190271	1
0.188265	1
0.186281	1
0.184317	1
0.182375	1
0.180452	1
0.17855	1
0.176668	1
0.174806	1
0.172963	1
0.17114	1
0.169336	1
0.167551	1
0.165785	1
0.164038	1
0.162309	1
0.160598	1
0.158905	1
0.15723	1
0.155573	1
0.153933	1
0.15231	1
0.150705	1
0.149116	1
0.147545	1
0.145989	1
0.144451	1
0.142928	1
0.141421	1
0.139931	1
0.138456	1
0.136996	1
0.135552	1
0.134123	1
0.13271	1
0.131311	1
0.129927	1
0.128557	1
0.127202	1
0.125861	1
0.124535	1
0.123222	1
0.121923	1
0.120638	1
0.119366	1
0.118108	1
0.116863	1
0.115631	1
0.114413	1
0.113207	1
0.112013	1
0.110833	1
0.109664	1
0.108508	1
0.107365	1
0.106233	1
0.105113	1
0.104005	1
0.102909	1
0.101824	1
0.100751	1
0.0996889	1
0.0986382	1
0.0975984	1
0.0965697	1
0.0955518	1
0.0945446	1
0.093548	1
0.092562	1
0.0915863	1
0.0906209	1
0.0896657	1
0.0887206	1
0.0877854	1
0.0868601	1
0.0859445	1
0.0850386	1
0.0841422	1
0.0832553	1
0.0823778	1
0.0815094	1
0.0806503	1
0.0798002	1
0.078959	1
0.0781267	1
0.0773032	1
0.0764884	1
0.0756821	1
0.0748844	1
0.0740951	1
0.0733141	1
0.0725413	1
0.0717766	1
0.0710201	1
0.0702715	1
0.0695308	1
0.0687979	1
0.0680727	1
0.0673551	1
0.0666452	1
0.0659427	1
0.0652476	1
0.0645599	1
0.0638794	1
0.063206	1
0.0625398	1
0.0618806	1
0.0612283	1
0.0605829	1
0.0599443	1
0.0593125	1
0.0586873	1
0.0580687	1
0.0574566	1
0.056851	1
0.0562517	1
0.0556588	1
0.0550721	1
0.0544916	1
0.0539172	1
0.0533489	1
0.0527866	1
0.0522302	1
0.0516796	1
0.0511349	1
0.0505959	1
0.0500626	1
0.0495349	1
0.0490127	1
0.0484961	1
0.0479849	1
0.0474791	1
0.0469787	1
0.0464835	1
0.0459935	1
0.0455087	1
0.045029	1
0.0445544	1
0.0440848	1
0.0436201	1
0.0431603	1
0.0427053	1
0.0422552	1
0.0418098	1
0.0413691	1
0.040933	1
0.0405016	1
0.0400747	1
0.0396522	1
0.0392343	1
0.0388207	1
0.0384115	1
0.0380066	1
0.037606	1
0.0372096	1
0.0368174	1
0.0364293	1
0.0360454	1
0.0356654	1
0.0352895	1
0.0349175	1
0.0345494	1
0.0341853	1
0.0338249	1
0.0334684	1
0.0331156	1
0.0327666	1
0.0324212	1
0.0320794	1
0.0317413	1
0.0314067	1
0.0310757	1
0.0307481	1
0.030424	1
0.0301033	1
0.029786	1
0.029472	1
0.0291614	1
0.028854	1
0.0285499	1
0.0282489	1
0.0279512	1
0.0276565	1
0.027365	1
0.0270766	1
0.0267912	1
0.0265088	1
0.0262293	1
0.0259529	1
0.0256793	1
0.0254086	1
0.0251408	1
0.0248758	1
0.0246136	1
0.0243542	1
0.0240974	1
0.0238434	1
0.0235921	1
0.0233434	1
0.0230974	1
0.0228539	1
0.022613	1
0.0223747	1
0.0221388	1
0.0219055	1
0.0216746	1
0.0214461	1
0.02122	1
0.0209964	1
0.0207751	1
0.0205561	1
0.0203394	1
0.020125	1
0.0199129	1
0.019703	1
0.0194953	1
0.0192898	1
0.0190865	1
0.0188853	1
0.0186862	1
0.0184893	1
0.0182944	1
0.0181015	1
0.0179107	1
0.0177219	1
0.0175351	1
0.0173503	1
0.0171674	1
0.0169865	1
0.0168074	1
0.0166303	1
0.016455	1
0.0162815	1
0.0161099	1
0.0159401	1
0.0157721	1
0.0156058	1
0.0154413	1
0.0152786	1
0.0151175	1
0.0149582	1
0.0148005	1
0.0146445	1
0.0144901	1
0.0143374	1
0.0141863	1
0.0140367	1
0.0138888	1
0.0137424	1
0.0135975	1
0.0134542	1
0.0133124	1
0.0131721	1
0.0130332	1
0.0128958	1
0.0127599	1
0.0126254	1
0.0124923	1
0.0123606	1
0.0122304	1
0.0121014	1
0.0119739	1
0.0118477	1
0.0117228	1
0.0115992	1
0.011477	1
0.011356	1
0.0112363	1
0.0111178	1
0.0110007	1
0.0108847	1
0.01077	1
0.0106564	1
0.0105441	1
0.010433	1
0.010323	1
0.0102142	1
0.0101065	1
0.01	1
0.01	0.000645741


