#Mass	Ue	Um	Ut	Events
0.01	0.000141222
0.0101065	0.000135316
0.0102142	0.000129948
0.010323	0.000124513
0.010433	0.000119305
0.0105441	0.000114573
0.0106564	0.000109781
0.01077	0.00010519
0.0108847	0.000101017
0.0110007	9.67921e-05
0.0111178	9.27439e-05
0.0112363	8.9065e-05
0.011356	8.53399e-05
0.011477	8.17707e-05
0.0115992	7.85271e-05
0.0117228	7.52428e-05
0.0118477	7.20958e-05
0.0119739	6.9236e-05
0.0121014	6.63403e-05
0.0122304	6.35657e-05
0.0123606	6.10442e-05
0.0124923	5.84911e-05
0.0126254	5.60448e-05
0.0127599	5.38217e-05
0.0128958	5.15706e-05
0.0130332	4.9525e-05
0.0131721	4.74536e-05
0.0133124	4.54689e-05
0.0134542	4.36653e-05
0.0135975	4.18391e-05
0.0137424	4.01794e-05
0.0138888	3.8499e-05
0.0140367	3.68888e-05
0.0141863	3.54255e-05
0.0143374	3.39439e-05
0.0144901	3.25974e-05
0.0146445	3.12341e-05
0.0148005	2.99951e-05
0.0149582	2.87406e-05
0.0151175	2.76006e-05
0.0152786	2.64462e-05
0.0154413	2.53972e-05
0.0156058	2.4335e-05
0.0157721	2.33697e-05
0.0159401	2.23922e-05
0.0161099	2.1504e-05
0.0162815	2.06046e-05
0.016455	1.97873e-05
0.0166303	1.89597e-05
0.0168074	1.82077e-05
0.0169865	1.74854e-05
0.0171674	1.67541e-05
0.0173503	1.60895e-05
0.0175351	1.54166e-05
0.0177219	1.48051e-05
0.0179107	1.42178e-05
0.0181015	1.36231e-05
0.0182944	1.30828e-05
0.0184893	1.25638e-05
0.0186862	1.20383e-05
0.0188853	1.15608e-05
0.0190865	1.11022e-05
0.0192898	1.06618e-05
0.0194953	1.02159e-05
0.019703	9.81068e-06
0.0199129	9.42152e-06
0.020125	9.0478e-06
0.0203394	8.6889e-06
0.0205561	8.3255e-06
0.0207751	7.99525e-06
0.0209964	7.6781e-06
0.02122	7.37354e-06
0.0214461	7.08105e-06
0.0216746	6.80017e-06
0.0219055	6.53042e-06
0.0221388	6.27138e-06
0.0223747	6.02262e-06
0.022613	5.78372e-06
0.0228539	5.55429e-06
0.0230974	5.33397e-06
0.0233434	5.13392e-06
0.0235921	4.93027e-06
0.0238434	4.73471e-06
0.0240974	4.54689e-06
0.0243542	4.37636e-06
0.0246136	4.20277e-06
0.0248758	4.03605e-06
0.0251408	3.88468e-06
0.0254086	3.73059e-06
0.0256793	3.59067e-06
0.0259529	3.456e-06
0.0262293	3.31891e-06
0.0265088	3.19444e-06
0.0267912	3.07463e-06
0.0270766	2.95932e-06
0.027365	2.84833e-06
0.0276565	2.7415e-06
0.0279512	2.63868e-06
0.0282489	2.53972e-06
0.0285499	2.44997e-06
0.028854	2.35808e-06
0.0291614	2.27475e-06
0.029472	2.19436e-06
0.029786	2.11682e-06
0.0301033	2.04201e-06
0.030424	1.96985e-06
0.0307481	1.90452e-06
0.0310757	1.84135e-06
0.0314067	1.78429e-06
0.0317413	1.72899e-06
0.0320794	1.67541e-06
0.0324212	1.63081e-06
0.0327666	1.59096e-06
0.0331156	1.55559e-06
0.0334684	1.5382e-06
0.0338249	1.55909e-06
0.0341853	1.57672e-06
0.0345494	1.51417e-06
0.0349175	1.45411e-06
0.0352895	1.39329e-06
0.0356654	1.33803e-06
0.0360454	1.28495e-06
0.0364293	1.23398e-06
0.0368174	1.18503e-06
0.0372096	1.13803e-06
0.037606	1.09288e-06
0.0380066	1.04953e-06
0.0384115	1.0079e-06
0.0388207	9.67921e-07
0.0392343	9.27439e-07
0.0396522	8.9065e-07
0.0400747	8.57246e-07
0.0405016	8.23242e-07
0.040933	7.90586e-07
0.0413691	7.59226e-07
0.0418098	7.2911e-07
0.0422552	7.00188e-07
0.0427053	6.72414e-07
0.0431603	6.45741e-07
0.0436201	6.20127e-07
0.0440848	5.96869e-07
0.0445544	5.73193e-07
0.045029	5.50456e-07
0.0455087	5.28621e-07
0.0459935	5.08795e-07
0.0464835	4.88613e-07
0.0469787	4.70287e-07
0.0474791	4.51632e-07
0.0479849	4.33718e-07
0.0484961	4.17451e-07
0.0490127	4.00892e-07
0.0495349	3.85856e-07
0.0500626	3.70551e-07
0.0505959	3.56653e-07
0.0511349	3.43277e-07
0.0516796	3.2966e-07
0.0522302	3.17296e-07
0.0527866	3.05396e-07
0.0533489	2.93942e-07
0.0539172	2.82282e-07
0.0544916	2.71695e-07
0.0550721	2.61505e-07
0.0556588	2.51698e-07
0.0562517	2.42258e-07
0.056851	2.33172e-07
0.0574566	2.24427e-07
0.0580687	2.16009e-07
0.0586873	2.08376e-07
0.0593125	2.00561e-07
0.0599443	1.93039e-07
0.0605829	1.85799e-07
0.0612283	1.79233e-07
0.0618806	1.72511e-07
0.0625398	1.66415e-07
0.063206	1.60173e-07
0.0638794	1.54513e-07
0.0645599	1.49053e-07
0.0652476	1.43785e-07
0.0659427	1.38393e-07
0.0666452	1.33502e-07
0.0673551	1.28784e-07
0.0680727	1.24233e-07
0.0687979	1.20113e-07
0.0695308	1.15868e-07
0.0702715	1.11774e-07
0.0710201	1.08067e-07
0.0717766	1.04248e-07
0.0725413	1.0079e-07
0.0733141	9.72284e-08
0.0740951	9.40036e-08
0.0748844	9.08858e-08
0.0756821	8.78714e-08
0.0764884	8.4957e-08
0.0773032	8.23242e-08
0.0781267	7.95937e-08
0.078959	7.71271e-08
0.0798002	7.4569e-08
0.0806503	7.22581e-08
0.0815094	7.00188e-08
0.0823778	6.78489e-08
0.0832553	6.58943e-08
0.0841422	6.38522e-08
0.0850386	6.20127e-08
0.0859445	6.00909e-08
0.0868601	5.83597e-08
0.0877854	5.6806e-08
0.0887206	5.51695e-08
0.0896657	5.37008e-08
0.0906209	5.22711e-08
0.0915863	5.08795e-08
0.092562	4.9525e-08
0.093548	4.8315e-08
0.0945446	4.71346e-08
0.0955518	4.5983e-08
0.0965697	4.48596e-08
0.0975984	4.38621e-08
0.0986382	4.29834e-08
0.0996889	4.20277e-08
0.100751	4.11857e-08
0.101824	4.04514e-08
0.102909	3.97302e-08
0.104005	3.90219e-08
0.105113	3.84125e-08
0.106233	3.78977e-08
0.107365	3.73899e-08
0.108508	3.69718e-08
0.109664	3.65585e-08
0.110833	3.63127e-08
0.112013	3.60686e-08
0.113207	3.59067e-08
0.114413	3.58261e-08
0.115631	3.58261e-08
0.116863	3.59876e-08
0.118108	3.62311e-08
0.119366	3.65585e-08
0.120638	3.70551e-08
0.121923	3.78126e-08
0.123222	3.86725e-08
0.124535	3.98197e-08
0.125861	4.12784e-08
0.127202	4.30802e-08
0.128557	4.52649e-08
0.129927	4.82065e-08
0.131311	5.18031e-08
0.13271	5.62974e-08
0.134123	6.18734e-08
0.135552	6.84619e-08
0.136996	7.52428e-08
0.138456	7.95937e-08
0.139931	7.81747e-08
0.141421	7.50738e-08
0.142928	7.20958e-08
0.144451	6.93919e-08
0.145989	6.66393e-08
0.147545	6.39959e-08
0.149116	6.14574e-08
0.150705	5.91524e-08
0.15231	5.6806e-08
0.153933	5.45527e-08
0.155573	5.25067e-08
0.15723	5.04239e-08
0.158905	4.85328e-08
0.160598	4.66076e-08
0.162309	4.48596e-08
0.164038	4.30802e-08
0.165785	4.14644e-08
0.167551	3.98197e-08
0.169336	3.83262e-08
0.17114	3.68059e-08
0.172963	3.54255e-08
0.174806	3.40969e-08
0.176668	3.28181e-08
0.17855	3.15163e-08
0.180452	3.03343e-08
0.182375	2.91966e-08
0.184317	2.81016e-08
0.186281	2.70476e-08
0.188265	2.60332e-08
0.190271	2.50568e-08
0.192298	2.41171e-08
0.194347	2.32125e-08
0.196417	2.2342e-08
0.198509	2.1504e-08
0.200624	2.11206e-08
0.202761	2.03285e-08
0.204921	1.95661e-08
0.207104	1.888e-08
0.209311	1.81616e-08
0.21154	1.75002e-08
0.213794	1.68628e-08
0.216071	1.62486e-08
0.218373	1.56832e-08
0.2207	1.5112e-08
0.223051	1.45616e-08
0.225427	1.40549e-08
0.227828	1.3543e-08
0.230255	1.30717e-08
0.232708	1.25956e-08
0.235187	1.21573e-08
0.237693	1.17343e-08
0.240225	1.1326e-08
0.242784	1.09504e-08
0.24537	1.05693e-08
0.247984	1.02016e-08
0.250626	9.8549e-09
0.253296	9.52805e-09
0.255994	9.21203e-09
0.258721	8.9065e-09
0.261478	8.6111e-09
0.264263	8.3255e-09
0.267078	8.06749e-09
0.269923	7.79991e-09
0.272799	7.55819e-09
0.275705	7.32396e-09
0.278642	7.08105e-09
0.281611	6.87705e-09
0.284611	6.66393e-09
0.287642	6.45741e-09
0.290707	6.27138e-09
0.293804	6.09071e-09
0.296933	5.91524e-09
0.300097	5.74483e-09
0.303294	5.59189e-09
0.306525	5.43079e-09
0.30979	5.28621e-09
0.31309	5.15706e-09
0.316426	5.01977e-09
0.319796	4.89713e-09
0.323203	4.78824e-09
0.326646	4.67126e-09
0.330126	4.56739e-09
0.333643	4.47588e-09
0.337197	4.38621e-09
0.340789	4.29834e-09
0.34442	4.22171e-09
0.348089	4.14644e-09
0.351797	4.09088e-09
0.355545	4.03605e-09
0.359332	3.98197e-09
0.36316	3.94631e-09
0.367029	3.91978e-09
0.370939	3.90219e-09
0.374891	3.90219e-09
0.378884	3.91978e-09
0.382921	3.97302e-09
0.387	4.09088e-09
0.391122	4.19333e-09
0.395289	4.16513e-09
0.3995	4.15578e-09
0.403756	4.24074e-09
0.408057	4.24074e-09
0.412404	4.26944e-09
0.416798	4.29834e-09
0.421238	4.35673e-09
0.425725	4.42584e-09
0.43026	4.52649e-09
0.434844	4.66076e-09
0.439476	4.82065e-09
0.444158	5.03107e-09
0.44889	5.31004e-09
0.453672	5.66785e-09
0.458505	6.14574e-09
0.463389	6.81547e-09
0.468325	7.76492e-09
0.473315	9.21203e-09
0.478357	1.16751e-08
0.483453	1.6693e-08
0.488603	3.21696e-08
0.493808	1.62303e-06
0.499068	1.55865e-06
0.504385	1.49682e-06
0.509758	1.43745e-06
0.515189	1.38043e-06
0.520677	1.32567e-06
0.526224	1.27309e-06
0.53183	1.22259e-06
0.537495	1.17607e-06
0.543221	1.12942e-06
0.549008	1.08462e-06
0.554857	1.0416e-06
0.560767	1.00028e-06
0.566741	9.62224e-07
0.572779	9.24056e-07
0.578881	8.87401e-07
0.585047	8.53639e-07
0.59128	8.19778e-07
0.597579	7.8726e-07
0.603945	7.57308e-07
0.610379	7.27268e-07
0.616881	6.99598e-07
0.623453	6.72981e-07
0.630094	6.46286e-07
0.636807	6.21697e-07
0.64359	5.97037e-07
0.650447	5.74322e-07
0.657376	5.52471e-07
0.664379	5.31452e-07
0.671456	5.11232e-07
0.678609	4.91782e-07
0.685839	4.72274e-07
0.693145	4.54306e-07
0.700529	4.37759e-07
0.707992	4.21104e-07
0.715534	4.05083e-07
0.723156	3.89671e-07
0.73086	3.74846e-07
0.738646	3.60584e-07
0.746515	3.47451e-07
0.754467	3.34232e-07
0.762505	3.22058e-07
0.770628	3.09805e-07
0.778837	2.98521e-07
0.787134	2.87164e-07
0.795519	2.76705e-07
0.803994	2.66627e-07
0.812559	2.56915e-07
0.821215	2.47558e-07
0.829964	2.38541e-07
0.838805	2.29853e-07
0.847741	2.21481e-07
0.856772	2.13414e-07
0.865899	2.05988e-07
0.875123	1.98486e-07
0.884446	1.91579e-07
0.893868	1.84783e-07
0.90339	1.78404e-07
0.913014	1.72002e-07
0.922741	1.66064e-07
0.932571	1.60331e-07
0.942505	1.54795e-07
0.952546	1.49451e-07
0.962693	1.44494e-07
0.972949	1.39506e-07
0.983313	1.34879e-07
0.993789	1.30405e-07
1.00438	1.2608e-07
1.01508	1.21899e-07
1.02589	1.17856e-07
1.03682	1.14107e-07
1.04786	1.10322e-07
1.05903	1.06813e-07
1.07031	1.03416e-07
1.08171	1.00267e-07
1.09323	9.70782e-08
1.10488	9.41226e-08
1.11665	9.1257e-08
1.12854	8.86031e-08
1.14057	8.59055e-08
1.15272	8.34072e-08
1.165	8.09816e-08
1.17741	7.87371e-08
1.18995	7.64472e-08
1.20263	7.43284e-08
1.21544	7.23699e-08
1.22839	7.0463e-08
1.24147	6.86064e-08
1.2547	6.67987e-08
1.26806	6.51301e-08
1.28157	6.35925e-08
1.29523	6.20912e-08
1.30902	6.06253e-08
1.32297	5.92773e-08
1.33706	5.79592e-08
1.35131	5.67502e-08
1.3657	5.56445e-08
1.38025	5.45604e-08
1.39495	5.3648e-08
1.40981	5.26767e-08
1.42483	5.18686e-08
1.44001	5.10729e-08
1.45535	5.0431e-08
1.47086	4.97972e-08
1.48653	4.93097e-08
1.50236	4.88956e-08
1.51837	4.85532e-08
1.53454	4.82811e-08
1.55089	4.82133e-08
1.56741	4.81456e-08
1.58411	4.82811e-08
1.60098	4.85532e-08
1.61804	4.90333e-08
1.63528	4.96574e-08
1.6527	5.05019e-08
1.6703	5.16504e-08
1.6881	5.31228e-08
1.70608	5.50998e-08
1.72425	5.75534e-08
1.74262	6.07917e-08
1.76119	6.50066e-08
1.77995	7.08453e-08
1.79891	7.90864e-08
1.81807	9.14688e-08
1.83744	1.13193e-07
1.85702	1.72253e-07
1.85702	2.81718e-07
1.83744	4.29442e-07
1.81807	5.39352e-07
1.79891	6.40049e-07
1.77995	7.3891e-07
1.76119	8.39718e-07
1.74262	9.41226e-07
1.72425	1.0457e-06
1.70608	1.15511e-06
1.6881	1.26951e-06
1.6703	1.38821e-06
1.6527	1.51545e-06
1.63528	1.64878e-06
1.61804	1.79082e-06
1.60098	1.93854e-06
1.58411	2.09845e-06
1.56741	2.26773e-06
1.55089	2.44653e-06
1.53454	2.63497e-06
1.51837	2.83794e-06
1.50236	3.05654e-06
1.48653	3.28642e-06
1.47086	3.5336e-06
1.45535	3.79297e-06
1.44001	4.07138e-06
1.42483	4.37022e-06
1.40981	4.69099e-06
1.39495	5.02683e-06
1.38025	5.3958e-06
1.3657	5.78209e-06
1.35131	6.19604e-06
1.33706	6.65083e-06
1.32297	7.12698e-06
1.30902	7.63721e-06
1.29523	8.18397e-06
1.28157	8.76987e-06
1.26806	9.39772e-06
1.2547	1.00705e-05
1.24147	1.07915e-05
1.22839	1.15836e-05
1.21544	1.24129e-05
1.20263	1.33015e-05
1.18995	1.42779e-05
1.17741	1.53e-05
1.165	1.63954e-05
1.15272	1.75988e-05
1.14057	1.88906e-05
1.12854	2.0243e-05
1.11665	2.17288e-05
1.10488	2.32844e-05
1.09323	2.49935e-05
1.08171	2.6828e-05
1.07031	2.87487e-05
1.05903	3.08589e-05
1.04786	3.30681e-05
1.03682	3.54355e-05
1.02589	3.79724e-05
1.01508	4.06223e-05
1.00438	4.35305e-05
0.993789	4.66469e-05
0.983313	4.99022e-05
0.972949	5.34748e-05
0.962693	5.73032e-05
0.952546	6.14056e-05
0.942505	6.59128e-05
0.932571	7.06316e-05
0.922741	7.5816e-05
0.913014	8.13809e-05
0.90339	8.73543e-05
0.893868	9.39244e-05
0.884446	0.000101244
0.875123	0.000109043
0.865899	0.000116129
0.856772	0.000123954
0.847741	0.00013201
0.838805	0.000140905
0.829964	0.000150062
0.821215	0.000159454
0.812559	0.000169817
0.803994	0.000180446
0.795519	0.000191741
0.787134	0.000203285
0.778837	0.00021504
0.770628	0.000227475
0.762505	0.000240629
0.754467	0.000254543
0.746515	0.000269262
0.738646	0.000284833
0.73086	0.000300627
0.723156	0.00031801
0.715534	0.0003364
0.707992	0.000355053
0.700529	0.000375584
0.693145	0.000397302
0.685839	0.000419333
0.678609	0.000443581
0.671456	0.000468177
0.664379	0.000494137
0.657376	0.000522711
0.650447	0.000551695
0.64359	0.000582286
0.636807	0.000615958
0.630094	0.000650112
0.623453	0.000686161
0.616881	0.000724208
0.610379	0.000764365
0.603945	0.000806749
0.597579	0.000853399
0.59128	0.00090072
0.585047	0.000948529
0.578881	0.00100112
0.572779	0.00105664
0.566741	0.00111523
0.560767	0.00117707
0.554857	0.00123954
0.549008	0.00130828
0.543221	0.00138082
0.537495	0.00145738
0.53183	0.0015382
0.526224	0.00161984
0.520677	0.00170966
0.515189	0.00180446
0.509758	0.00190452
0.504385	0.00200561
0.499068	0.00211682
0.493808	0.0022342
0.488603	0.00355053
0.483453	0.00404514
0.478357	0.00444579
0.473315	0.00482065
0.468325	0.00519197
0.463389	0.0055668
0.458505	0.00595528
0.453672	0.00634229
0.44889	0.00675445
0.444158	0.00719339
0.439476	0.00764365
0.434844	0.00812209
0.43026	0.00863048
0.425725	0.0091501
0.421238	0.009701
0.416798	0.0102851
0.412404	0.0109043
0.408057	0.0115608
0.403756	0.0122569
0.3995	0.0129948
0.395289	0.0137772
0.391122	0.0146067
0.387	0.015626
0.382921	0.0167541
0.378884	0.0178429
0.374891	0.0189597
0.370939	0.0201465
0.367029	0.0214075
0.36316	0.0227475
0.359332	0.0241713
0.355545	0.0256843
0.351797	0.0272307
0.348089	0.0289352
0.34442	0.0307463
0.340789	0.0326708
0.337197	0.0347158
0.333643	0.0368888
0.330126	0.0391978
0.326646	0.0416513
0.323203	0.0443581
0.319796	0.0471346
0.316426	0.0501977
0.31309	0.0534598
0.30979	0.0569339
0.306525	0.0606338
0.303294	0.0647195
0.300097	0.0689253
0.296933	0.0735697
0.293804	0.0785271
0.290707	0.0840072
0.287642	0.0896678
0.284611	0.0959254
0.281611	0.102851
0.278642	0.110028
0.275705	0.117972
0.272799	0.126488
0.269923	0.135925
0.267078	0.146067
0.264263	0.156964
0.261478	0.169055
0.258721	0.182077
0.255994	0.196543
0.253296	0.212636
0.250626	0.230565
0.247984	0.251132
0.24537	0.27725
0.242784	0.299278
0.240225	0.321606
0.237693	0.344824
0.235187	0.370551
0.232708	0.398197
0.230255	0.427905
0.227828	0.460866
0.225427	0.497482
0.223051	0.535801
0.2207	0.578372
0.218373	0.62573
0.216071	0.676965
0.213794	0.734045
0.21154	0.795937
0.209311	0.863048
0.207104	0.937925
0.204921	1
0.202761	1
0.200624	1
0.198509	1
0.196417	1
0.194347	1
0.192298	1
0.190271	1
0.188265	1
0.186281	1
0.184317	1
0.182375	1
0.180452	1
0.17855	1
0.176668	1
0.174806	1
0.172963	1
0.17114	1
0.169336	1
0.167551	1
0.165785	1
0.164038	1
0.162309	1
0.160598	1
0.158905	1
0.15723	1
0.155573	1
0.153933	1
0.15231	1
0.150705	1
0.149116	1
0.147545	1
0.145989	1
0.144451	1
0.142928	1
0.141421	1
0.139931	1
0.138456	1
0.136996	1
0.135552	1
0.134123	1
0.13271	1
0.131311	1
0.129927	1
0.128557	1
0.127202	1
0.125861	1
0.124535	1
0.123222	1
0.121923	1
0.120638	1
0.119366	1
0.118108	1
0.116863	1
0.115631	1
0.114413	1
0.113207	1
0.112013	1
0.110833	1
0.109664	1
0.108508	1
0.107365	1
0.106233	1
0.105113	1
0.104005	1
0.102909	1
0.101824	1
0.100751	1
0.0996889	1
0.0986382	1
0.0975984	1
0.0965697	1
0.0955518	1
0.0945446	1
0.093548	1
0.092562	1
0.0915863	1
0.0906209	1
0.0896657	1
0.0887206	1
0.0877854	1
0.0868601	1
0.0859445	1
0.0850386	1
0.0841422	1
0.0832553	1
0.0823778	1
0.0815094	1
0.0806503	1
0.0798002	1
0.078959	1
0.0781267	1
0.0773032	1
0.0764884	1
0.0756821	1
0.0748844	1
0.0740951	1
0.0733141	1
0.0725413	1
0.0717766	1
0.0710201	1
0.0702715	1
0.0695308	1
0.0687979	1
0.0680727	1
0.0673551	1
0.0666452	1
0.0659427	1
0.0652476	1
0.0645599	1
0.0638794	1
0.063206	1
0.0625398	1
0.0618806	1
0.0612283	1
0.0605829	1
0.0599443	1
0.0593125	1
0.0586873	1
0.0580687	1
0.0574566	1
0.056851	1
0.0562517	1
0.0556588	1
0.0550721	1
0.0544916	1
0.0539172	1
0.0533489	1
0.0527866	1
0.0522302	1
0.0516796	1
0.0511349	1
0.0505959	1
0.0500626	1
0.0495349	1
0.0490127	1
0.0484961	1
0.0479849	1
0.0474791	1
0.0469787	1
0.0464835	1
0.0459935	1
0.0455087	1
0.045029	1
0.0445544	1
0.0440848	1
0.0436201	1
0.0431603	1
0.0427053	1
0.0422552	1
0.0418098	1
0.0413691	1
0.040933	1
0.0405016	1
0.0400747	1
0.0396522	1
0.0392343	1
0.0388207	1
0.0384115	1
0.0380066	1
0.037606	1
0.0372096	1
0.0368174	1
0.0364293	1
0.0360454	1
0.0356654	1
0.0352895	1
0.0349175	1
0.0345494	1
0.0341853	1
0.0338249	1
0.0334684	1
0.0331156	1
0.0327666	1
0.0324212	1
0.0320794	1
0.0317413	1
0.0314067	1
0.0310757	1
0.0307481	1
0.030424	1
0.0301033	1
0.029786	1
0.029472	1
0.0291614	1
0.028854	1
0.0285499	1
0.0282489	1
0.0279512	1
0.0276565	1
0.027365	1
0.0270766	1
0.0267912	1
0.0265088	1
0.0262293	1
0.0259529	1
0.0256793	1
0.0254086	1
0.0251408	1
0.0248758	1
0.0246136	1
0.0243542	1
0.0240974	1
0.0238434	1
0.0235921	1
0.0233434	1
0.0230974	1
0.0228539	1
0.022613	1
0.0223747	1
0.0221388	1
0.0219055	1
0.0216746	1
0.0214461	1
0.02122	1
0.0209964	1
0.0207751	1
0.0205561	1
0.0203394	1
0.020125	1
0.0199129	1
0.019703	1
0.0194953	1
0.0192898	1
0.0190865	1
0.0188853	1
0.0186862	1
0.0184893	1
0.0182944	1
0.0181015	1
0.0179107	1
0.0177219	1
0.0175351	1
0.0173503	1
0.0171674	1
0.0169865	1
0.0168074	1
0.0166303	1
0.016455	1
0.0162815	1
0.0161099	1
0.0159401	1
0.0157721	1
0.0156058	1
0.0154413	1
0.0152786	1
0.0151175	1
0.0149582	1
0.0148005	1
0.0146445	1
0.0144901	1
0.0143374	1
0.0141863	1
0.0140367	1
0.0138888	1
0.0137424	1
0.0135975	1
0.0134542	1
0.0133124	1
0.0131721	1
0.0130332	1
0.0128958	1
0.0127599	1
0.0126254	1
0.0124923	1
0.0123606	1
0.0122304	1
0.0121014	1
0.0119739	1
0.0118477	1
0.0117228	1
0.0115992	1
0.011477	1
0.011356	1
0.0112363	1
0.0111178	1
0.0110007	1
0.0108847	1
0.01077	1
0.0106564	1
0.0105441	1
0.010433	1
0.010323	1
0.0102142	1
0.0101065	1
0.01	1
0.01	0.000141222


