#Mass	Ue	Um	Ut	Events
0.21154	5.10658e-05
0.213794	7.47159e-07
0.216071	2.36538e-07
0.218373	1.17475e-07
0.2207	7.07111e-08
0.223051	4.74136e-08
0.225427	3.40682e-08
0.227828	2.56627e-08
0.230255	1.99942e-08
0.232708	1.60308e-08
0.235187	1.31159e-08
0.237693	1.09319e-08
0.240225	9.23277e-09
0.242784	7.90586e-09
0.24537	6.83082e-09
0.247984	5.95528e-09
0.250626	5.23888e-09
0.253296	4.62943e-09
0.255994	4.12784e-09
0.258721	3.69718e-09
0.261478	3.32639e-09
0.264263	3.00627e-09
0.267078	2.7292e-09
0.269923	2.48883e-09
0.272799	2.27475e-09
0.275705	2.08845e-09
0.278642	1.92173e-09
0.281611	1.77229e-09
0.284611	1.63816e-09
0.287642	1.521e-09
0.290707	1.4154e-09
0.293804	1.3201e-09
0.296933	1.23121e-09
0.300097	1.15348e-09
0.303294	1.0831e-09
0.306525	1.01701e-09
0.30979	9.59254e-10
0.31309	9.0478e-10
0.316426	8.55321e-10
0.319796	8.10385e-10
0.323203	7.6781e-10
0.326646	7.30751e-10
0.330126	6.95481e-10
0.333643	6.63403e-10
0.337197	6.34229e-10
0.340789	6.07703e-10
0.34442	5.83597e-10
0.348089	5.61709e-10
0.351797	5.40642e-10
0.355545	5.22711e-10
0.359332	5.06512e-10
0.36316	4.9192e-10
0.367029	4.78824e-10
0.370939	4.69231e-10
0.374891	4.60866e-10
0.378884	4.54689e-10
0.382921	4.52649e-10
0.387	4.5983e-10
0.391122	4.62943e-10
0.395289	4.53668e-10
0.3995	4.4558e-10
0.403756	4.47588e-10
0.408057	4.42584e-10
0.412404	4.38621e-10
0.416798	4.36653e-10
0.421238	4.36653e-10
0.425725	4.38621e-10
0.43026	4.42584e-10
0.434844	4.49606e-10
0.439476	4.60866e-10
0.444158	4.75605e-10
0.44889	4.96365e-10
0.453672	5.23888e-10
0.458505	5.62974e-10
0.463389	6.17344e-10
0.468325	6.95481e-10
0.473315	8.17707e-10
0.478357	1.02851e-09
0.483453	1.45738e-09
0.488603	2.77874e-09
0.493808	1.38354e-07
0.499068	1.3175e-07
0.504385	1.25462e-07
0.509758	1.19473e-07
0.515189	1.13771e-07
0.520677	1.08523e-07
0.526224	1.03343e-07
0.53183	9.85767e-08
0.537495	9.403e-08
0.543221	8.9693e-08
0.549008	8.55561e-08
0.554857	8.17477e-08
0.560767	7.79772e-08
0.566741	7.43806e-08
0.572779	7.10697e-08
0.578881	6.79062e-08
0.585047	6.48834e-08
0.59128	6.19952e-08
0.597579	5.92356e-08
0.603945	5.65989e-08
0.610379	5.40794e-08
0.616881	5.17594e-08
0.623453	4.94554e-08
0.630094	4.73337e-08
0.636807	4.53031e-08
0.64359	4.32865e-08
0.650447	4.14295e-08
0.657376	3.96521e-08
0.664379	3.7951e-08
0.671456	3.63842e-08
0.678609	3.48233e-08
0.685839	3.33856e-08
0.693145	3.19534e-08
0.700529	3.06342e-08
0.707992	2.93199e-08
0.715534	2.81095e-08
0.723156	2.6949e-08
0.73086	2.58364e-08
0.738646	2.47697e-08
0.746515	2.37872e-08
0.754467	2.28051e-08
0.762505	2.18636e-08
0.770628	2.09963e-08
0.778837	2.01295e-08
0.787134	1.9331e-08
0.795519	1.85642e-08
0.803994	1.78278e-08
0.812559	1.71207e-08
0.821215	1.64415e-08
0.829964	1.57894e-08
0.838805	1.51886e-08
0.847741	1.45861e-08
0.856772	1.40312e-08
0.865899	1.34974e-08
0.875123	1.2962e-08
0.884446	1.24688e-08
0.893868	1.19944e-08
0.90339	1.15576e-08
0.913014	1.11178e-08
0.922741	1.06949e-08
0.932571	1.03053e-08
0.942505	9.92161e-09
0.952546	9.5495e-09
0.962693	9.21203e-09
0.972949	8.86653e-09
0.983313	8.55321e-09
0.993789	8.25095e-09
1.00438	7.95937e-09
1.01508	7.6781e-09
1.02589	7.40677e-09
1.03682	7.14503e-09
1.04786	6.90805e-09
1.05903	6.66393e-09
1.07031	6.44291e-09
1.08171	6.22922e-09
1.09323	6.02262e-09
1.10488	5.82286e-09
1.11665	5.62974e-09
1.12854	5.44302e-09
1.14057	5.27434e-09
1.15272	5.11088e-09
1.165	4.9525e-09
1.17741	4.79902e-09
1.18995	4.65029e-09
1.20263	4.51632e-09
1.21544	4.37636e-09
1.22839	4.25028e-09
1.24147	4.12784e-09
1.2547	4.01794e-09
1.26806	3.90219e-09
1.28157	3.79831e-09
1.29523	3.69718e-09
1.30902	3.60686e-09
1.32297	3.51083e-09
1.33706	3.43277e-09
1.35131	3.3489e-09
1.3657	3.27444e-09
1.38025	3.20163e-09
1.39495	3.13044e-09
1.40981	3.06772e-09
1.42483	3.01303e-09
1.44001	2.95267e-09
1.45535	2.90656e-09
1.47086	2.86117e-09
1.48653	2.81648e-09
1.50236	2.78499e-09
1.51837	2.74767e-09
1.53454	2.72307e-09
1.55089	2.69869e-09
1.56741	2.68658e-09
1.58411	2.67452e-09
1.60098	2.66851e-09
1.61804	2.67452e-09
1.63528	2.68658e-09
1.6527	2.70476e-09
1.6703	2.73534e-09
1.6881	2.77874e-09
1.70608	2.83555e-09
1.72425	2.90656e-09
1.74262	3.00627e-09
1.76119	3.13044e-09
1.77995	3.2892e-09
1.79891	3.49508e-09
1.81807	3.76429e-09
1.83744	4.13713e-09
1.85702	4.66076e-09
1.8768	5.44302e-09
1.89679	6.70904e-09
1.917	9.06817e-09
1.93742	1.49693e-08
1.95806	5.70661e-08
1.95806	3.83747e-07
1.93742	7.53592e-07
1.917	9.48529e-07
1.89679	1.10773e-06
1.8768	1.25356e-06
1.85702	1.39329e-06
1.83744	1.53474e-06
1.81807	1.67541e-06
1.79891	1.82077e-06
1.77995	1.97429e-06
1.76119	2.13594e-06
1.74262	2.30047e-06
1.72425	2.47767e-06
1.70608	2.65654e-06
1.6881	2.85474e-06
1.6703	3.06083e-06
1.6527	3.27444e-06
1.63528	3.50295e-06
1.61804	3.7474e-06
1.60098	4.00892e-06
1.58411	4.27905e-06
1.56741	4.57767e-06
1.55089	4.88613e-06
1.53454	5.21537e-06
1.51837	5.55429e-06
1.50236	5.92856e-06
1.48653	6.32804e-06
1.47086	6.73928e-06
1.45535	7.19339e-06
1.44001	7.66086e-06
1.42483	8.17707e-06
1.40981	8.70846e-06
1.39495	9.29526e-06
1.38025	9.89932e-06
1.3657	1.05664e-05
1.35131	1.1253e-05
1.33706	1.20113e-05
1.32297	1.27919e-05
1.30902	1.36538e-05
1.29523	1.45738e-05
1.28157	1.55209e-05
1.26806	1.65668e-05
1.2547	1.76831e-05
1.24147	1.88746e-05
1.22839	2.01465e-05
1.21544	2.1504e-05
1.20263	2.2953e-05
1.18995	2.45548e-05
1.17741	2.62094e-05
1.165	2.79755e-05
1.15272	2.99278e-05
1.14057	3.19444e-05
1.12854	3.41737e-05
1.11665	3.65585e-05
1.10488	3.90219e-05
1.09323	4.17451e-05
1.08171	4.46583e-05
1.07031	4.76675e-05
1.05903	5.09941e-05
1.04786	5.45527e-05
1.03682	5.82286e-05
1.02589	6.21523e-05
1.01508	6.63403e-05
1.00438	7.08105e-05
0.993789	7.57521e-05
0.983313	8.08565e-05
0.972949	8.63048e-05
0.962693	9.23277e-05
0.952546	9.87709e-05
0.942505	0.000105426
0.932571	0.000112784
0.922741	0.000120654
0.913014	0.000129365
0.90339	0.000138393
0.893868	0.000148384
0.884446	0.000159454
0.875123	0.000170966
0.865899	0.000182077
0.856772	0.000193909
0.847741	0.000206046
0.838805	0.000219436
0.829964	0.000233172
0.821215	0.000247767
0.812559	0.000262684
0.803994	0.000279126
0.795519	0.000295267
0.787134	0.000313044
0.778837	0.000331146
0.770628	0.000349508
0.762505	0.000368888
0.754467	0.000389343
0.746515	0.000411857
0.738646	0.000434694
0.73086	0.000458798
0.723156	0.000484238
0.715534	0.000511088
0.707992	0.000539428
0.700529	0.000569339
0.693145	0.000600909
0.685839	0.000634229
0.678609	0.000667893
0.671456	0.000704928
0.664379	0.000744016
0.657376	0.000785271
0.650447	0.000826952
0.64359	0.000872806
0.636807	0.000921203
0.630094	0.0009701
0.623453	0.00102389
0.616881	0.00107824
0.610379	0.00113803
0.603945	0.00119843
0.597579	0.00126488
0.59128	0.00133202
0.585047	0.00140273
0.578881	0.00148051
0.572779	0.00155909
0.566741	0.00164184
0.560767	0.00172899
0.554857	0.00182077
0.549008	0.00191741
0.543221	0.00201918
0.537495	0.00212636
0.53183	0.00224427
0.526224	0.00236339
0.520677	0.00248883
0.515189	0.00262094
0.509758	0.00276006
0.504385	0.00290656
0.499068	0.00306083
0.493808	0.0032233
0.488603	0.00455713
0.483453	0.00509941
0.478357	0.00555429
0.473315	0.00598212
0.468325	0.006414
0.463389	0.00684619
0.458505	0.0072911
0.453672	0.00774747
0.44889	0.00823242
0.444158	0.00872806
0.439476	0.00925355
0.434844	0.00981068
0.43026	0.0104014
0.425725	0.0110028
0.421238	0.0116653
0.416798	0.0123398
0.412404	0.0130534
0.408057	0.0138082
0.403756	0.0146395
0.3995	0.0154861
0.395289	0.0163816
0.391122	0.0173288
0.387	0.0184965
0.382921	0.0197429
0.378884	0.0209786
0.374891	0.0222417
0.370939	0.0235808
0.367029	0.0250005
0.36316	0.0265057
0.359332	0.0281016
0.355545	0.0297935
0.351797	0.0315872
0.348089	0.033489
0.34442	0.0355053
0.340789	0.0376429
0.337197	0.0399093
0.333643	0.0423121
0.330126	0.0448596
0.326646	0.0476675
0.323203	0.0505374
0.319796	0.0537008
0.316426	0.0569339
0.31309	0.0604976
0.30979	0.0642844
0.306525	0.0683082
0.303294	0.0727472
0.300097	0.0773007
0.296933	0.0823242
0.293804	0.0876741
0.290707	0.0933716
0.287642	0.0994394
0.284611	0.105902
0.281611	0.113038
0.278642	0.120654
0.275705	0.128784
0.272799	0.137772
0.269923	0.147055
0.267078	0.157318
0.264263	0.168675
0.261478	0.180852
0.258721	0.193909
0.255994	0.207908
0.253296	0.223922
0.250626	0.241171
0.247984	0.260332
0.24537	0.285474
0.242784	0.306772
0.240225	0.325974
0.237693	0.346378
0.235187	0.368059
0.232708	0.391098
0.230255	0.415578
0.227828	0.440598
0.225427	0.466076
0.223051	0.49192
0.2207	0.516867
0.218373	0.538217
0.216071	0.551695
0.213794	0.540642
0.21154	0.354255
0.21154	5.10658e-05
