#Mass	Um	Ut	Events
0.01	2.65057e-05
0.0101065	2.55691e-05
0.0102142	2.4721e-05
0.010323	2.38474e-05
0.010433	2.30047e-05
0.0105441	2.21917e-05
0.0106564	2.14075e-05
0.01077	2.06975e-05
0.0108847	1.99661e-05
0.0110007	1.92605e-05
0.0111178	1.85799e-05
0.0112363	1.79233e-05
0.011356	1.72899e-05
0.011477	1.66789e-05
0.0115992	1.61257e-05
0.0117228	1.55559e-05
0.0118477	1.50062e-05
0.0119739	1.44759e-05
0.0121014	1.39643e-05
0.0122304	1.34708e-05
0.0123606	1.29948e-05
0.0124923	1.25356e-05
0.0126254	1.20926e-05
0.0127599	1.16653e-05
0.0128958	1.1253e-05
0.0130332	1.08554e-05
0.0131721	1.04718e-05
0.0133124	1.01017e-05
0.0134542	9.74472e-06
0.0135975	9.40036e-06
0.0137424	9.0478e-06
0.0138888	8.72806e-06
0.0140367	8.41963e-06
0.0141863	8.12209e-06
0.0143374	7.83507e-06
0.0144901	7.55819e-06
0.0146445	7.2911e-06
0.0148005	7.01765e-06
0.0149582	6.76965e-06
0.0151175	6.53042e-06
0.0152786	6.29965e-06
0.0154413	6.07703e-06
0.0156058	5.84911e-06
0.0157721	5.64241e-06
0.0159401	5.44302e-06
0.0161099	5.25067e-06
0.0162815	5.05374e-06
0.016455	4.87515e-06
0.0166303	4.70287e-06
0.0168074	4.53668e-06
0.0169865	4.36653e-06
0.0171674	4.21223e-06
0.0173503	4.06337e-06
0.0175351	3.91978e-06
0.0177219	3.77277e-06
0.0179107	3.63944e-06
0.0181015	3.51083e-06
0.0182944	3.38677e-06
0.0184893	3.25974e-06
0.0186862	3.14455e-06
0.0188853	3.03343e-06
0.0190865	2.92623e-06
0.0192898	2.81648e-06
0.0194953	2.71695e-06
0.019703	2.62094e-06
0.0199129	2.52832e-06
0.020125	2.43897e-06
0.0203394	2.35278e-06
0.0205561	2.26454e-06
0.0207751	2.18452e-06
0.0209964	2.10732e-06
0.02122	2.03285e-06
0.0214461	1.96101e-06
0.0216746	1.89171e-06
0.0219055	1.82486e-06
0.0221388	1.76038e-06
0.0223747	1.69817e-06
0.022613	1.63816e-06
0.0228539	1.58382e-06
0.0230974	1.52785e-06
0.0233434	1.47386e-06
0.0235921	1.42178e-06
0.0238434	1.37462e-06
0.0240974	1.32605e-06
0.0243542	1.28207e-06
0.0246136	1.23676e-06
0.0248758	1.19574e-06
0.0251408	1.15608e-06
0.0254086	1.11774e-06
0.0256793	1.08067e-06
0.0259529	1.04482e-06
0.0262293	1.01017e-06
0.0265088	9.78865e-07
0.0267912	9.46399e-07
0.0270766	9.1707e-07
0.027365	8.88649e-07
0.0276565	8.6111e-07
0.0279512	8.34424e-07
0.0282489	8.10385e-07
0.0285499	7.87039e-07
0.028854	7.64365e-07
0.0291614	7.44016e-07
0.029472	7.24208e-07
0.029786	7.06515e-07
0.0301033	6.90805e-07
0.030424	6.75445e-07
0.0307481	6.61913e-07
0.0310757	6.50112e-07
0.0314067	6.414e-07
0.0317413	6.34229e-07
0.0320794	6.31383e-07
0.0324212	6.34229e-07
0.0327666	6.45741e-07
0.0331156	6.70904e-07
0.0334684	7.34045e-07
0.0338249	1.01244e-06
0.0341853	3.20163e-06
0.0345494	3.10939e-06
0.0349175	3.01303e-06
0.0352895	2.92623e-06
0.0356654	2.83555e-06
0.0360454	2.75386e-06
0.0364293	2.66851e-06
0.0368174	2.59164e-06
0.0372096	2.51132e-06
0.037606	2.43897e-06
0.0380066	2.36339e-06
0.0384115	2.2953e-06
0.0388207	2.22417e-06
0.0392343	2.15524e-06
0.0396522	2.09315e-06
0.0400747	2.02828e-06
0.0405016	1.96543e-06
0.040933	1.90881e-06
0.0413691	1.84965e-06
0.0418098	1.79233e-06
0.0422552	1.74069e-06
0.0427053	1.68675e-06
0.0431603	1.63448e-06
0.0436201	1.58382e-06
0.0440848	1.53474e-06
0.0445544	1.48718e-06
0.045029	1.44109e-06
0.0455087	1.39643e-06
0.0459935	1.35316e-06
0.0464835	1.31122e-06
0.0469787	1.27059e-06
0.0474791	1.23121e-06
0.0479849	1.19305e-06
0.0484961	1.15608e-06
0.0490127	1.12025e-06
0.0495349	1.0831e-06
0.0500626	1.04953e-06
0.0505959	1.01701e-06
0.0511349	9.83277e-07
0.0516796	9.52805e-07
0.0522302	9.21203e-07
0.0527866	8.92655e-07
0.0533489	8.63048e-07
0.0539172	8.34424e-07
0.0544916	8.06749e-07
0.0550721	7.81747e-07
0.0556588	7.55819e-07
0.0562517	7.30751e-07
0.056851	7.06515e-07
0.0574566	6.83082e-07
0.0580687	6.60426e-07
0.0586873	6.37088e-07
0.0593125	6.15958e-07
0.0599443	5.95528e-07
0.0605829	5.74483e-07
0.0612283	5.55429e-07
0.0618806	5.35801e-07
0.0625398	5.18031e-07
0.063206	4.99724e-07
0.0638794	4.8315e-07
0.0645599	4.66076e-07
0.0652476	4.49606e-07
0.0659427	4.33718e-07
0.0666452	4.18391e-07
0.0673551	4.03605e-07
0.0680727	3.89343e-07
0.0687979	3.75584e-07
0.0695308	3.62311e-07
0.0702715	3.48723e-07
0.0710201	3.364e-07
0.0717766	3.24512e-07
0.0725413	3.12341e-07
0.0733141	3.01303e-07
0.0740951	2.90003e-07
0.0748844	2.79755e-07
0.0756821	2.69262e-07
0.0764884	2.59747e-07
0.0773032	2.50005e-07
0.0781267	2.40629e-07
0.078959	2.31604e-07
0.0798002	2.22918e-07
0.0806503	2.1504e-07
0.0815094	2.06975e-07
0.0823778	1.99212e-07
0.0832553	1.91741e-07
0.0841422	1.8455e-07
0.0850386	1.77628e-07
0.0859445	1.70966e-07
0.0868601	1.64554e-07
0.0877854	1.58382e-07
0.0887206	1.521e-07
0.0896657	1.46395e-07
0.0906209	1.40905e-07
0.0915863	1.3562e-07
0.092562	1.30534e-07
0.093548	1.25638e-07
0.0945446	1.20654e-07
0.0955518	1.16129e-07
0.0965697	1.11774e-07
0.0975984	1.07582e-07
0.0986382	1.03314e-07
0.0996889	9.94394e-08
0.100751	9.57099e-08
0.101824	9.21203e-08
0.102909	8.84662e-08
0.104005	8.51483e-08
0.105113	8.19548e-08
0.106233	7.87039e-08
0.107365	7.57521e-08
0.108508	7.2911e-08
0.109664	7.01765e-08
0.110833	6.73928e-08
0.112013	6.48652e-08
0.113207	6.24324e-08
0.114413	5.99559e-08
0.115631	5.77073e-08
0.116863	5.55429e-08
0.118108	5.33397e-08
0.119366	5.13392e-08
0.120638	4.93027e-08
0.121923	4.74536e-08
0.123222	4.56739e-08
0.124535	4.38621e-08
0.125861	4.22171e-08
0.127202	4.05425e-08
0.128557	3.89343e-08
0.129927	3.7474e-08
0.131311	3.59876e-08
0.13271	3.456e-08
0.134123	3.31891e-08
0.135552	3.18726e-08
0.136996	3.06083e-08
0.138456	2.93942e-08
0.139931	2.82282e-08
0.141421	2.71085e-08
0.142928	2.59747e-08
0.144451	2.49444e-08
0.145989	2.39011e-08
0.147545	2.2953e-08
0.149116	2.1993e-08
0.150705	2.10732e-08
0.15231	2.01918e-08
0.153933	1.93473e-08
0.155573	1.85382e-08
0.15723	1.77628e-08
0.158905	1.70199e-08
0.160598	1.63081e-08
0.162309	1.55909e-08
0.164038	1.49388e-08
0.165785	1.42819e-08
0.167551	1.36538e-08
0.169336	1.30828e-08
0.17114	1.25074e-08
0.172963	1.19574e-08
0.174806	1.14316e-08
0.176668	1.09534e-08
0.17855	1.04718e-08
0.180452	1.00112e-08
0.182375	9.57099e-09
0.184317	9.1501e-09
0.186281	8.74771e-09
0.188265	8.36302e-09
0.190271	7.99525e-09
0.192298	7.64365e-09
0.194347	7.30751e-09
0.196417	6.98616e-09
0.198509	6.67893e-09
0.200624	6.44291e-09
0.202761	6.15958e-09
0.204921	5.90196e-09
0.207104	5.64241e-09
0.209311	5.39428e-09
0.21154	5.15706e-09
0.213794	4.93027e-09
0.216071	4.72407e-09
0.218373	4.51632e-09
0.2207	4.32743e-09
0.223051	4.13713e-09
0.225427	3.9641e-09
0.227828	3.79831e-09
0.230255	3.63127e-09
0.232708	3.4794e-09
0.235187	3.33387e-09
0.237693	3.19444e-09
0.240225	3.06083e-09
0.242784	2.93282e-09
0.24537	2.23922e-09
0.247984	1.42819e-09
0.250626	1.20654e-09
0.253296	1.06618e-09
0.255994	9.65747e-10
0.258721	8.84662e-10
0.261478	8.19548e-10
0.264263	7.64365e-10
0.267078	7.16111e-10
0.269923	6.73928e-10
0.272799	6.35657e-10
0.275705	6.02262e-10
0.278642	5.73193e-10
0.281611	5.45527e-10
0.284611	5.21537e-10
0.287642	4.98602e-10
0.290707	4.77748e-10
0.293804	4.5983e-10
0.296933	4.42584e-10
0.300097	4.25985e-10
0.303294	4.11857e-10
0.306525	3.98197e-10
0.30979	3.85856e-10
0.31309	3.7474e-10
0.316426	3.64764e-10
0.319796	3.55053e-10
0.323203	3.46378e-10
0.326646	3.38677e-10
0.330126	3.31891e-10
0.333643	3.25242e-10
0.337197	3.20163e-10
0.340789	3.15872e-10
0.34442	3.12341e-10
0.348089	3.09544e-10
0.351797	3.08155e-10
0.355545	3.08155e-10
0.359332	3.09544e-10
0.36316	3.13044e-10
0.367029	3.19444e-10
0.370939	3.2966e-10
0.374891	3.456e-10
0.378884	3.72221e-10
0.382921	4.26944e-10
0.387	6.42844e-10
0.391122	2.60259e-06
0.395289	2.51627e-06
0.3995	2.43692e-06
0.403756	2.35609e-06
0.408057	2.27795e-06
0.412404	2.20611e-06
0.416798	2.13294e-06
0.421238	2.06568e-06
0.425725	1.99717e-06
0.43026	1.93419e-06
0.434844	1.8732e-06
0.439476	1.81412e-06
0.444158	1.75692e-06
0.44889	1.70151e-06
0.453672	1.64508e-06
0.458505	1.5932e-06
0.463389	1.54556e-06
0.468325	1.49682e-06
0.473315	1.44962e-06
0.478357	1.40391e-06
0.483453	1.35964e-06
0.488603	1.31898e-06
0.493808	1.27739e-06
0.499068	1.23919e-06
0.504385	1.20012e-06
0.509758	1.16423e-06
0.515189	1.12752e-06
0.520677	1.09196e-06
0.526224	1.05931e-06
0.53183	1.02591e-06
0.537495	9.95233e-07
0.543221	9.63849e-07
0.549008	9.35029e-07
0.554857	9.05543e-07
0.560767	8.76987e-07
0.566741	8.50765e-07
0.572779	8.23936e-07
0.578881	7.993e-07
0.585047	7.75401e-07
0.59128	7.50949e-07
0.597579	7.28495e-07
0.603945	7.05522e-07
0.610379	6.83274e-07
0.616881	6.61727e-07
0.623453	6.41941e-07
0.630094	6.21697e-07
0.636807	6.03109e-07
0.64359	5.8409e-07
0.650447	5.66625e-07
0.657376	5.49683e-07
0.664379	5.32349e-07
0.671456	5.16431e-07
0.678609	5.0099e-07
0.685839	4.85191e-07
0.693145	4.70684e-07
0.700529	4.56611e-07
0.707992	4.42958e-07
0.715534	4.28989e-07
0.723156	4.16162e-07
0.73086	4.03719e-07
0.738646	3.91648e-07
0.746515	3.79937e-07
0.754467	3.68577e-07
0.762505	3.57557e-07
0.770628	3.46866e-07
0.778837	3.36494e-07
0.787134	3.26433e-07
0.795519	3.16673e-07
0.803994	3.07204e-07
0.812559	2.98018e-07
0.821215	2.89108e-07
0.829964	2.80463e-07
0.838805	2.72537e-07
0.847741	2.64388e-07
0.856772	2.56482e-07
0.865899	2.49234e-07
0.875123	2.41781e-07
0.884446	2.31409e-07
0.893868	2.21481e-07
0.90339	2.12696e-07
0.913014	2.04604e-07
0.922741	1.97151e-07
0.932571	1.89971e-07
0.942505	1.8336e-07
0.952546	1.7698e-07
0.962693	1.70822e-07
0.972949	1.65156e-07
0.983313	1.5941e-07
0.993789	1.54123e-07
1.00438	1.49262e-07
1.01508	1.44312e-07
1.02589	1.39761e-07
1.03682	1.35354e-07
1.04786	1.31306e-07
1.05903	1.2738e-07
1.07031	1.23572e-07
1.08171	1.19877e-07
1.09323	1.16489e-07
1.10488	1.13197e-07
1.11665	1.09997e-07
1.12854	1.06888e-07
1.14057	1.04043e-07
1.15272	1.01273e-07
1.165	9.87431e-08
1.17741	9.61143e-08
1.18995	9.37134e-08
1.20263	9.15267e-08
1.21544	8.92404e-08
1.22839	8.71581e-08
1.24147	8.5268e-08
1.2547	8.34189e-08
1.26806	8.15526e-08
1.28157	7.98514e-08
1.29523	7.82957e-08
1.30902	7.67702e-08
1.32297	7.52745e-08
1.33706	7.39117e-08
1.35131	7.26757e-08
1.3657	7.14603e-08
1.38025	7.03641e-08
1.39495	6.93821e-08
1.40981	6.84139e-08
1.42483	6.7554e-08
1.44001	6.67987e-08
1.45535	6.61448e-08
1.47086	6.55894e-08
1.48653	6.50386e-08
1.50236	6.4674e-08
1.51837	6.44019e-08
1.53454	6.42212e-08
1.55089	6.42212e-08
1.56741	6.44019e-08
1.58411	6.4674e-08
1.60098	6.52217e-08
1.61804	6.58665e-08
1.63528	6.68927e-08
1.6527	6.80303e-08
1.6703	6.95774e-08
1.6881	7.16615e-08
1.70608	7.4224e-08
1.72425	7.75292e-08
1.74262	8.17822e-08
1.76119	8.76125e-08
1.77995	9.54547e-08
1.79891	1.06964e-07
1.81807	1.25373e-07
1.83744	1.61235e-07
1.85702	3.03471e-07
1.85702	4.54306e-06
1.83744	6.37625e-06
1.81807	7.49683e-06
1.79891	8.49331e-06
1.77995	9.44539e-06
1.76119	1.0416e-05
1.74262	1.14091e-05
1.72425	1.24129e-05
1.70608	1.34822e-05
1.6881	1.4619e-05
1.6703	1.57716e-05
1.6527	1.70151e-05
1.63528	1.83257e-05
1.61804	1.97373e-05
1.60098	2.12218e-05
1.58411	2.27795e-05
1.56741	2.44515e-05
1.55089	2.6202e-05
1.53454	2.80779e-05
1.51837	3.0088e-05
1.50236	3.22421e-05
1.48653	3.44921e-05
1.47086	3.69615e-05
1.45535	3.95408e-05
1.44001	4.23002e-05
1.42483	4.52522e-05
1.40981	4.84102e-05
1.39495	5.17885e-05
1.38025	5.53093e-05
1.3657	5.91691e-05
1.35131	6.32982e-05
1.33706	6.77156e-05
1.32297	7.24412e-05
1.30902	7.73659e-05
1.29523	8.2765e-05
1.28157	8.85408e-05
1.26806	9.47197e-05
1.2547	0.000101472
1.24147	0.000108554
1.22839	0.000116129
1.21544	0.000124233
1.20263	0.000132903
1.18995	0.000142498
1.17741	0.000152442
1.165	0.000163448
1.15272	0.000174854
1.14057	0.000187478
1.12854	0.000200561
1.11665	0.00021504
1.10488	0.000230565
1.09323	0.000246655
1.08171	0.000264462
1.07031	0.000282918
1.05903	0.000303343
1.04786	0.000324512
1.03682	0.000347158
1.02589	0.000371385
1.01508	0.000397302
1.00438	0.000424074
0.993789	0.000453668
0.983313	0.000485328
0.972949	0.000519197
0.962693	0.000554182
0.952546	0.000592856
0.942505	0.000635657
0.932571	0.000680017
0.922741	0.000727472
0.913014	0.000779991
0.90339	0.000836302
0.893868	0.000898697
0.884446	0.000967921
0.875123	0.00104248
0.865899	0.00110773
0.856772	0.00117707
0.847741	0.00125074
0.838805	0.00132903
0.829964	0.00140905
0.821215	0.00149725
0.812559	0.00158739
0.803994	0.00168296
0.795519	0.00178429
0.787134	0.00189171
0.778837	0.0020011
0.770628	0.00212158
0.762505	0.00224427
0.754467	0.00237404
0.746515	0.00251132
0.738646	0.00265654
0.73086	0.00281016
0.723156	0.00297266
0.715534	0.00314455
0.707992	0.00332639
0.700529	0.00351874
0.693145	0.00372221
0.685839	0.00393745
0.678609	0.00416513
0.671456	0.00440598
0.664379	0.00466076
0.657376	0.0049192
0.650447	0.00520366
0.64359	0.00550456
0.636807	0.00580979
0.630094	0.00614574
0.623453	0.00650112
0.616881	0.00686161
0.610379	0.00725838
0.603945	0.00766086
0.597579	0.00810385
0.59128	0.00855321
0.585047	0.0090478
0.578881	0.0095495
0.572779	0.010079
0.566741	0.0106379
0.560767	0.011253
0.554857	0.011877
0.549008	0.0125356
0.543221	0.0132307
0.537495	0.0139957
0.53183	0.0147718
0.526224	0.0155909
0.520677	0.0164554
0.515189	0.0174069
0.509758	0.0183722
0.504385	0.0194345
0.499068	0.0205122
0.493808	0.0216496
0.488603	0.0229015
0.483453	0.0241713
0.478357	0.0255691
0.473315	0.0270476
0.468325	0.0285474
0.463389	0.0301982
0.458505	0.0319444
0.453672	0.0337916
0.44889	0.0357456
0.444158	0.0377277
0.439476	0.0399093
0.434844	0.0423121
0.43026	0.0447588
0.425725	0.0473471
0.421238	0.0500849
0.416798	0.0531004
0.412404	0.0561709
0.408057	0.0595528
0.403756	0.0629965
0.3995	0.0667893
0.395289	0.0708105
0.391122	0.0750738
0.387	0.158739
0.382921	0.172899
0.378884	0.184965
0.374891	0.197429
0.370939	0.210259
0.367029	0.223922
0.36316	0.238474
0.359332	0.253972
0.355545	0.269869
0.351797	0.287406
0.348089	0.306083
0.34442	0.325974
0.340789	0.347158
0.337197	0.369718
0.333643	0.393745
0.330126	0.420277
0.326646	0.447588
0.323203	0.477748
0.319796	0.509941
0.316426	0.545527
0.31309	0.582286
0.30979	0.622922
0.306525	0.666393
0.303294	0.712898
0.300097	0.764365
0.296933	0.819548
0.293804	0.878714
0.290707	0.944273
0.287642	1
0.284611	1
0.281611	1
0.278642	1
0.275705	1
0.272799	1
0.269923	1
0.267078	1
0.264263	1
0.261478	1
0.258721	1
0.255994	1
0.253296	1
0.250626	1
0.247984	1
0.24537	1
0.242784	1
0.240225	1
0.237693	1
0.235187	1
0.232708	1
0.230255	1
0.227828	1
0.225427	1
0.223051	1
0.2207	1
0.218373	1
0.216071	1
0.213794	1
0.21154	1
0.209311	1
0.207104	1
0.204921	1
0.202761	1
0.200624	1
0.198509	1
0.196417	1
0.194347	1
0.192298	1
0.190271	1
0.188265	1
0.186281	1
0.184317	1
0.182375	1
0.180452	1
0.17855	1
0.176668	1
0.174806	1
0.172963	1
0.17114	1
0.169336	1
0.167551	1
0.165785	1
0.164038	1
0.162309	1
0.160598	1
0.158905	1
0.15723	1
0.155573	1
0.153933	1
0.15231	1
0.150705	1
0.149116	1
0.147545	1
0.145989	1
0.144451	1
0.142928	1
0.141421	1
0.139931	1
0.138456	1
0.136996	1
0.135552	1
0.134123	1
0.13271	1
0.131311	1
0.129927	1
0.128557	1
0.127202	1
0.125861	1
0.124535	1
0.123222	1
0.121923	1
0.120638	1
0.119366	1
0.118108	1
0.116863	1
0.115631	1
0.114413	1
0.113207	1
0.112013	1
0.110833	1
0.109664	1
0.108508	1
0.107365	1
0.106233	1
0.105113	1
0.104005	1
0.102909	1
0.101824	1
0.100751	1
0.0996889	1
0.0986382	1
0.0975984	1
0.0965697	1
0.0955518	1
0.0945446	1
0.093548	1
0.092562	1
0.0915863	1
0.0906209	1
0.0896657	1
0.0887206	1
0.0877854	1
0.0868601	1
0.0859445	1
0.0850386	1
0.0841422	1
0.0832553	1
0.0823778	1
0.0815094	1
0.0806503	1
0.0798002	1
0.078959	1
0.0781267	1
0.0773032	1
0.0764884	1
0.0756821	1
0.0748844	1
0.0740951	1
0.0733141	1
0.0725413	1
0.0717766	1
0.0710201	1
0.0702715	1
0.0695308	1
0.0687979	1
0.0680727	1
0.0673551	1
0.0666452	1
0.0659427	1
0.0652476	1
0.0645599	1
0.0638794	1
0.063206	1
0.0625398	1
0.0618806	1
0.0612283	1
0.0605829	1
0.0599443	1
0.0593125	1
0.0586873	1
0.0580687	1
0.0574566	1
0.056851	1
0.0562517	1
0.0556588	1
0.0550721	1
0.0544916	1
0.0539172	1
0.0533489	1
0.0527866	1
0.0522302	1
0.0516796	1
0.0511349	1
0.0505959	1
0.0500626	1
0.0495349	1
0.0490127	1
0.0484961	1
0.0479849	1
0.0474791	1
0.0469787	1
0.0464835	1
0.0459935	1
0.0455087	1
0.045029	1
0.0445544	1
0.0440848	1
0.0436201	1
0.0431603	1
0.0427053	1
0.0422552	1
0.0418098	1
0.0413691	1
0.040933	1
0.0405016	1
0.0400747	1
0.0396522	1
0.0392343	1
0.0388207	1
0.0384115	1
0.0380066	1
0.037606	1
0.0372096	1
0.0368174	1
0.0364293	1
0.0360454	1
0.0356654	1
0.0352895	1
0.0349175	1
0.0345494	1
0.0341853	1
0.0338249	1
0.0334684	1
0.0331156	1
0.0327666	1
0.0324212	1
0.0320794	1
0.0317413	1
0.0314067	1
0.0310757	1
0.0307481	1
0.030424	1
0.0301033	1
0.029786	1
0.029472	1
0.0291614	1
0.028854	1
0.0285499	1
0.0282489	1
0.0279512	1
0.0276565	1
0.027365	1
0.0270766	1
0.0267912	1
0.0265088	1
0.0262293	1
0.0259529	1
0.0256793	1
0.0254086	1
0.0251408	1
0.0248758	1
0.0246136	1
0.0243542	1
0.0240974	1
0.0238434	1
0.0235921	1
0.0233434	1
0.0230974	1
0.0228539	1
0.022613	1
0.0223747	1
0.0221388	1
0.0219055	1
0.0216746	1
0.0214461	1
0.02122	1
0.0209964	1
0.0207751	1
0.0205561	1
0.0203394	1
0.020125	1
0.0199129	1
0.019703	1
0.0194953	1
0.0192898	1
0.0190865	1
0.0188853	1
0.0186862	1
0.0184893	1
0.0182944	1
0.0181015	1
0.0179107	1
0.0177219	1
0.0175351	1
0.0173503	1
0.0171674	1
0.0169865	1
0.0168074	1
0.0166303	1
0.016455	1
0.0162815	1
0.0161099	1
0.0159401	1
0.0157721	1
0.0156058	1
0.0154413	1
0.0152786	1
0.0151175	1
0.0149582	1
0.0148005	1
0.0146445	1
0.0144901	1
0.0143374	1
0.0141863	1
0.0140367	1
0.0138888	1
0.0137424	1
0.0135975	1
0.0134542	1
0.0133124	1
0.0131721	1
0.0130332	1
0.0128958	1
0.0127599	1
0.0126254	1
0.0124923	1
0.0123606	1
0.0122304	1
0.0121014	1
0.0119739	1
0.0118477	1
0.0117228	1
0.0115992	1
0.011477	1
0.011356	1
0.0112363	1
0.0111178	1
0.0110007	1
0.0108847	1
0.01077	1
0.0106564	1
0.0105441	1
0.010433	1
0.010323	1
0.0102142	1
0.0101065	1
0.01	1
0.01	2.65057e-05


