#Mass	Ut	Events
0.01	0.637088
0.0101065	0.617344
0.0102142	0.596869
0.010323	0.578372
0.010433	0.560448
0.0105441	0.54186
0.0106564	0.525067
0.01077	0.508795
0.0108847	0.49192
0.0110007	0.476675
0.0111178	0.461903
0.0112363	0.446583
0.011356	0.432743
0.011477	0.419333
0.0115992	0.405425
0.0117228	0.39286
0.0118477	0.380686
0.0119739	0.368888
0.0121014	0.356653
0.0122304	0.3456
0.0123606	0.33489
0.0124923	0.323783
0.0126254	0.313749
0.0127599	0.304026
0.0128958	0.294604
0.0130332	0.284833
0.0131721	0.276006
0.0133124	0.267452
0.0134542	0.258582
0.0135975	0.250568
0.0137424	0.242803
0.0138888	0.235278
0.0140367	0.227475
0.0141863	0.220425
0.0143374	0.213594
0.0144901	0.20651
0.0146445	0.20011
0.0148005	0.193909
0.0149582	0.1879
0.0151175	0.182077
0.0152786	0.176038
0.0154413	0.170582
0.0156058	0.165296
0.0157721	0.160173
0.0159401	0.154861
0.0161099	0.150062
0.0162815	0.145411
0.016455	0.140905
0.0166303	0.136231
0.0168074	0.13201
0.0169865	0.127919
0.0171674	0.123954
0.0173503	0.119843
0.0175351	0.116129
0.0177219	0.11253
0.0179107	0.109043
0.0181015	0.105426
0.0182944	0.102159
0.0184893	0.0989932
0.0186862	0.0959254
0.0188853	0.0929526
0.0190865	0.0898697
0.0192898	0.0870846
0.0194953	0.0843858
0.019703	0.0817707
0.0199129	0.0790586
0.020125	0.0766086
0.0203394	0.0742344
0.0205561	0.0719339
0.0207751	0.0695481
0.0209964	0.0673928
0.02122	0.0653042
0.0214461	0.0632804
0.0216746	0.0613194
0.0219055	0.0592856
0.0221388	0.0574483
0.0223747	0.055668
0.022613	0.0538217
0.0228539	0.0521537
0.0230974	0.0505374
0.0233434	0.0489713
0.0235921	0.0473471
0.0238434	0.0458798
0.0240974	0.0444579
0.0243542	0.0430802
0.0246136	0.0416513
0.0248758	0.0403605
0.0251408	0.0391098
0.0254086	0.0378126
0.0256793	0.0365585
0.0259529	0.035346
0.0262293	0.0342506
0.0265088	0.0331146
0.0267912	0.0320884
0.0270766	0.0309544
0.027365	0.0299951
0.0276565	0.0290003
0.0279512	0.0280384
0.0282489	0.0271085
0.0285499	0.0262684
0.028854	0.0253401
0.0291614	0.0245548
0.029472	0.0237404
0.029786	0.0230047
0.0301033	0.0221917
0.030424	0.0214557
0.0307481	0.0207908
0.0310757	0.0201012
0.0314067	0.0194783
0.0317413	0.0188746
0.0320794	0.0182897
0.0324212	0.0176831
0.0327666	0.0171351
0.0331156	0.0166041
0.0334684	0.0160895
0.0338249	0.0155909
0.0341853	0.0150738
0.0345494	0.0146067
0.0349175	0.014154
0.0352895	0.0136845
0.0356654	0.0132605
0.0360454	0.0128495
0.0364293	0.0124233
0.0368174	0.0120383
0.0372096	0.0116391
0.037606	0.0112784
0.0380066	0.0109043
0.0384115	0.0105426
0.0388207	0.010193
0.0392343	0.00983277
0.0396522	0.00948529
0.0400747	0.0091707
0.0405016	0.00884662
0.040933	0.00853399
0.0413691	0.00823242
0.0418098	0.0079415
0.0422552	0.0076781
0.0427053	0.00744016
0.0431603	0.00720958
0.0436201	0.00697046
0.0440848	0.00675445
0.0445544	0.00654513
0.045029	0.00634229
0.0455087	0.00613194
0.0459935	0.00594191
0.0464835	0.00575776
0.0469787	0.00557933
0.0474791	0.00539428
0.0479849	0.00522711
0.0484961	0.00506512
0.0490127	0.00489713
0.0495349	0.00474536
0.0500626	0.0045983
0.0505959	0.0044558
0.0511349	0.00430802
0.0516796	0.00417451
0.0522302	0.00404514
0.0527866	0.00391098
0.0533489	0.00378977
0.0539172	0.00366408
0.0544916	0.00355053
0.0550721	0.00343277
0.0556588	0.00332639
0.0562517	0.00321606
0.056851	0.00310939
0.0574566	0.00299951
0.0580687	0.00290656
0.0586873	0.00281016
0.0593125	0.00271085
0.0599443	0.00262684
0.0605829	0.00252832
0.0612283	0.00244997
0.0618806	0.00236339
0.0625398	0.00227987
0.063206	0.00220922
0.0638794	0.00214075
0.0645599	0.0020651
0.0652476	0.00199661
0.0659427	0.00193473
0.0666452	0.00186636
0.0673551	0.00180852
0.0680727	0.00175248
0.0687979	0.00169435
0.0695308	0.00164184
0.0702715	0.00158739
0.0710201	0.0015382
0.0717766	0.00149053
0.0725413	0.00144434
0.0733141	0.00139957
0.0740951	0.0013562
0.0748844	0.0013201
0.0756821	0.00127919
0.0764884	0.00123954
0.0773032	0.00120113
0.0781267	0.00116391
0.078959	0.00112784
0.0798002	0.00109288
0.0806503	0.00105902
0.0815094	0.0010262
0.0823778	0.000992161
0.0832553	0.000961413
0.0841422	0.000931619
0.0850386	0.000902748
0.0859445	0.000874771
0.0868601	0.000847662
0.0877854	0.000821393
0.0887206	0.00079415
0.0896657	0.000769539
0.0906209	0.00074569
0.0915863	0.000717723
0.092562	0.000695481
0.093548	0.000672414
0.0945446	0.000651576
0.0955518	0.000631383
0.0965697	0.000611816
0.0975984	0.000591524
0.0986382	0.000573193
0.0996889	0.000555429
0.100751	0.000538217
0.101824	0.000520366
0.102909	0.000504239
0.104005	0.000488613
0.105113	0.000475605
0.106233	0.00045983
0.107365	0.00044558
0.108508	0.000431771
0.109664	0.000418391
0.110833	0.000404514
0.112013	0.000391978
0.113207	0.000378977
0.114413	0.000367233
0.115631	0.000357456
0.116863	0.0003456
0.118108	0.00033489
0.119366	0.000324512
0.120638	0.000313749
0.121923	0.000303343
0.123222	0.000293942
0.124535	0.000284193
0.125861	0.000276006
0.127202	0.000267452
0.128557	0.000258582
0.129927	0.000250568
0.131311	0.000242258
0.13271	0.000234223
0.134123	0.000226454
0.135552	0.000218943
0.136996	0.000210732
0.138456	0.000199212
0.139931	0.000185382
0.141421	0.000168675
0.142928	0.000151077
0.144451	0.000132605
0.145989	0.000116915
0.147545	0.000102851
0.149116	9.0478e-05
0.150705	7.97729e-05
0.15231	7.06515e-05
0.153933	6.29965e-05
0.155573	5.65511e-05
0.15723	5.08795e-05
0.158905	4.5983e-05
0.160598	4.17451e-05
0.162309	3.78126e-05
0.164038	3.44824e-05
0.165785	3.16584e-05
0.167551	2.9131e-05
0.169336	2.68054e-05
0.17114	2.4721e-05
0.172963	2.285e-05
0.174806	2.11682e-05
0.176668	1.96101e-05
0.17855	1.81668e-05
0.180452	1.69055e-05
0.182375	1.57672e-05
0.184317	1.45411e-05
0.186281	1.35012e-05
0.188265	1.27059e-05
0.190271	3.23056e-05
0.192298	3.08155e-05
0.194347	2.93282e-05
0.196417	2.79755e-05
0.198509	2.66851e-05
0.200624	2.57421e-05
0.202761	2.46101e-05
0.204921	2.35278e-05
0.207104	2.24932e-05
0.209311	2.15524e-05
0.21154	2.06975e-05
0.213794	1.98319e-05
0.216071	1.90452e-05
0.218373	1.82897e-05
0.2207	1.76038e-05
0.223051	1.69055e-05
0.225427	1.62714e-05
0.227828	1.56964e-05
0.230255	1.51077e-05
0.232708	1.45738e-05
0.235187	1.40588e-05
0.237693	1.3562e-05
0.240225	1.30828e-05
0.242784	1.26488e-05
0.24537	1.22019e-05
0.247984	1.17972e-05
0.250626	1.14059e-05
0.253296	1.10524e-05
0.255994	1.06858e-05
0.258721	1.03547e-05
0.261478	1.00112e-05
0.264263	9.701e-06
0.267078	9.40036e-06
0.269923	9.10904e-06
0.272799	8.84662e-06
0.275705	8.57246e-06
0.278642	8.3255e-06
0.281611	8.06749e-06
0.284611	7.83507e-06
0.287642	7.60935e-06
0.290707	7.39013e-06
0.293804	7.17723e-06
0.296933	6.97046e-06
0.300097	6.76965e-06
0.303294	6.58943e-06
0.306525	6.39959e-06
0.30979	6.22397e-06
0.31309	6.05827e-06
0.316426	5.88705e-06
0.319796	5.73032e-06
0.323203	5.57776e-06
0.326646	5.42927e-06
0.330126	5.28473e-06
0.333643	5.14403e-06
0.337197	5.03248e-06
0.340789	4.91505e-06
0.34442	4.80037e-06
0.348089	4.68046e-06
0.351797	4.56354e-06
0.355545	4.45705e-06
0.359332	4.34572e-06
0.36316	4.24432e-06
0.367029	4.13829e-06
0.370939	4.04173e-06
0.374891	3.94077e-06
0.378884	3.84882e-06
0.382921	3.75267e-06
0.387	3.66511e-06
0.391122	3.57959e-06
0.395289	3.49017e-06
0.3995	3.40873e-06
0.403756	3.32919e-06
0.408057	3.25151e-06
0.412404	3.17564e-06
0.416798	3.10154e-06
0.421238	3.02917e-06
0.425725	2.95848e-06
0.43026	2.88945e-06
0.434844	2.82679e-06
0.439476	2.76083e-06
0.444158	2.69641e-06
0.44889	2.63794e-06
0.453672	2.57638e-06
0.458505	2.52051e-06
0.463389	2.4617e-06
0.468325	2.40832e-06
0.473315	2.35212e-06
0.478357	2.30112e-06
0.483453	2.25122e-06
0.488603	2.20984e-06
0.493808	2.16557e-06
0.499068	2.12218e-06
0.504385	2.07616e-06
0.509758	2.03457e-06
0.515189	1.99045e-06
0.520677	1.94728e-06
0.526224	1.90827e-06
0.53183	1.86689e-06
0.537495	1.82949e-06
0.543221	1.78981e-06
0.549008	1.751e-06
0.554857	1.71592e-06
0.560767	1.67871e-06
0.566741	1.64508e-06
0.572779	1.6094e-06
0.578881	1.57716e-06
0.585047	1.54296e-06
0.59128	1.51205e-06
0.597579	1.48175e-06
0.603945	1.44962e-06
0.610379	1.42058e-06
0.616881	1.39212e-06
0.623453	1.36423e-06
0.630094	1.33916e-06
0.636807	1.31233e-06
0.64359	1.28821e-06
0.650447	1.26453e-06
0.657376	1.24129e-06
0.664379	1.21847e-06
0.671456	1.19608e-06
0.678609	1.17409e-06
0.685839	1.15251e-06
0.693145	1.13133e-06
0.700529	1.11053e-06
0.707992	1.09012e-06
0.715534	1.07009e-06
0.723156	1.05042e-06
0.73086	1.03111e-06
0.738646	1.01387e-06
0.746515	9.96913e-07
0.754467	9.80241e-07
0.762505	9.62224e-07
0.770628	9.46133e-07
0.778837	9.30311e-07
0.787134	9.14753e-07
0.795519	8.99455e-07
0.803994	8.84413e-07
0.812559	8.69623e-07
0.821215	8.5508e-07
0.829964	8.4078e-07
0.838805	8.28115e-07
0.847741	8.15641e-07
0.856772	8.03354e-07
0.865899	7.91253e-07
0.875123	7.80649e-07
0.884446	7.6889e-07
0.893868	7.57308e-07
0.90339	7.47159e-07
0.913014	7.37146e-07
0.922741	7.27268e-07
0.932571	7.18733e-07
0.942505	7.09101e-07
0.952546	7.00779e-07
0.962693	6.92555e-07
0.972949	6.85582e-07
0.983313	6.7868e-07
0.993789	6.70715e-07
1.00438	6.63963e-07
1.01508	6.57278e-07
1.02589	6.51759e-07
1.03682	6.45197e-07
1.04786	6.40859e-07
1.05903	6.35478e-07
1.07031	6.31206e-07
1.08171	6.2802e-07
1.09323	6.24851e-07
1.10488	6.23798e-07
1.11665	6.21697e-07
1.12854	6.2065e-07
1.14057	6.21697e-07
1.15272	6.21697e-07
1.165	6.23798e-07
1.17741	6.24851e-07
1.18995	6.2908e-07
1.20263	6.33338e-07
1.21544	6.38701e-07
1.22839	6.4411e-07
1.24147	6.51759e-07
1.2547	6.60612e-07
1.26806	6.70715e-07
1.28157	6.83274e-07
1.29523	6.98419e-07
1.30902	7.15105e-07
1.32297	7.34664e-07
1.33706	7.59867e-07
1.35131	7.8726e-07
1.3657	8.21162e-07
1.38025	8.60868e-07
1.39495	9.08603e-07
1.40981	9.68737e-07
1.42483	1.04094e-06
1.44001	1.12982e-06
1.45535	1.23389e-06
1.47086	1.35382e-06
1.48653	1.47397e-06
1.50236	1.5875e-06
1.51837	1.694e-06
1.53454	1.83864e-06
1.55089	2.05511e-06
1.56741	2.40612e-06
1.58411	3.02003e-06
1.60098	4.32956e-06
1.60098	2.1738e-05
1.58411	2.94066e-05
1.56741	3.60534e-05
1.55089	4.20808e-05
1.53454	4.78891e-05
1.51837	5.37385e-05
1.50236	5.97121e-05
1.48653	6.62564e-05
1.47086	7.33117e-05
1.45535	8.12323e-05
1.44001	8.963e-05
1.42483	9.8757e-05
1.40981	0.000108554
1.39495	0.00011877
1.38025	0.000129948
1.3657	0.000141859
1.35131	0.000154513
1.33706	0.000168296
1.32297	0.000182897
1.30902	0.000198765
1.29523	0.000216009
1.28157	0.000234223
1.26806	0.000253972
1.2547	0.000275386
1.24147	0.000297935
1.22839	0.000323056
1.21544	0.000349508
1.20263	0.000378126
1.18995	0.000409088
1.17741	0.000442584
1.165	0.000478824
1.15272	0.000518031
1.14057	0.000560448
1.12854	0.000604976
1.11665	0.000654513
1.10488	0.000706515
1.09323	0.000760935
1.08171	0.000821393
1.07031	0.000884662
1.05903	0.000952805
1.04786	0.00102389
1.03682	0.00110028
1.02589	0.00117972
1.01508	0.00126204
1.00438	0.00135012
0.993789	0.00144434
0.983313	0.00154513
0.972949	0.00165296
0.962693	0.00176831
0.952546	0.00189171
0.942505	0.00202373
0.932571	0.00216496
0.922741	0.00231084
0.913014	0.0024721
0.90339	0.00264462
0.893868	0.00282918
0.884446	0.00302661
0.875123	0.00323056
0.865899	0.003456
0.856772	0.00368888
0.847741	0.00394631
0.838805	0.00421223
0.829964	0.00449606
0.821215	0.00479902
0.812559	0.00511088
0.803994	0.00545527
0.795519	0.00580979
0.787134	0.00617344
0.778837	0.00655986
0.770628	0.00697046
0.762505	0.00739013
0.754467	0.00785271
0.746515	0.00834424
0.738646	0.00884662
0.73086	0.00937925
0.723156	0.00996633
0.715534	0.0105664
0.707992	0.0112025
0.700529	0.0119037
0.693145	0.0126204
0.685839	0.0133803
0.678609	0.0141859
0.671456	0.0150399
0.664379	0.0159454
0.657376	0.0168675
0.650447	0.017883
0.64359	0.0189597
0.636807	0.0200561
0.630094	0.0212636
0.623453	0.0224932
0.616881	0.0238474
0.610379	0.0252264
0.603945	0.0266851
0.597579	0.0282282
0.59128	0.0298605
0.585047	0.0315872
0.578881	0.0334138
0.572779	0.035346
0.566741	0.0373899
0.560767	0.039552
0.554857	0.0418391
0.549008	0.0442584
0.543221	0.0468177
0.537495	0.0494137
0.53183	0.0522711
0.526224	0.0552937
0.520677	0.0584911
0.515189	0.0617344
0.509758	0.0653042
0.504385	0.0690805
0.499068	0.0730751
0.493808	0.0773007
0.488603	0.081587
0.483453	0.0863048
0.478357	0.0912955
0.473315	0.0965747
0.468325	0.10193
0.463389	0.107824
0.458505	0.114059
0.453672	0.120654
0.44889	0.127631
0.444158	0.135012
0.439476	0.142819
0.434844	0.151077
0.43026	0.159813
0.425725	0.169055
0.421238	0.17883
0.416798	0.189171
0.412404	0.20011
0.408057	0.211682
0.403756	0.223922
0.3995	0.237404
0.395289	0.251132
0.391122	0.265654
0.387	0.281648
0.382921	0.297935
0.378884	0.315872
0.374891	0.334138
0.370939	0.354255
0.367029	0.375584
0.36316	0.398197
0.359332	0.421223
0.355545	0.446583
0.351797	0.473471
0.348089	0.503107
0.34442	0.533397
0.340789	0.565511
0.337197	0.600909
0.333643	0.637088
0.330126	0.676965
0.326646	0.719339
0.323203	0.762648
0.319796	0.810385
0.316426	0.863048
0.31309	0.91707
0.30979	0.974472
0.306525	1
0.303294	1
0.300097	1
0.296933	1
0.293804	1
0.290707	1
0.287642	1
0.284611	1
0.281611	1
0.278642	1
0.275705	1
0.272799	1
0.269923	1
0.267078	1
0.264263	1
0.261478	1
0.258721	1
0.255994	1
0.253296	1
0.250626	1
0.247984	1
0.24537	1
0.242784	1
0.240225	1
0.237693	1
0.235187	1
0.232708	1
0.230255	1
0.227828	1
0.225427	1
0.223051	1
0.2207	1
0.218373	1
0.216071	1
0.213794	1
0.21154	1
0.209311	1
0.207104	1
0.204921	1
0.202761	1
0.200624	1
0.198509	1
0.196417	1
0.194347	1
0.192298	1
0.190271	1
0.188265	1
0.186281	1
0.184317	1
0.182375	1
0.180452	1
0.17855	1
0.176668	1
0.174806	1
0.172963	1
0.17114	1
0.169336	1
0.167551	1
0.165785	1
0.164038	1
0.162309	1
0.160598	1
0.158905	1
0.15723	1
0.155573	1
0.153933	1
0.15231	1
0.150705	1
0.149116	1
0.147545	1
0.145989	1
0.144451	1
0.142928	1
0.141421	1
0.139931	1
0.138456	1
0.136996	1
0.135552	1
0.134123	1
0.13271	1
0.131311	1
0.129927	1
0.128557	1
0.127202	1
0.125861	1
0.124535	1
0.123222	1
0.121923	1
0.120638	1
0.119366	1
0.118108	1
0.116863	1
0.115631	1
0.114413	1
0.113207	1
0.112013	1
0.110833	1
0.109664	1
0.108508	1
0.107365	1
0.106233	1
0.105113	1
0.104005	1
0.102909	1
0.101824	1
0.100751	1
0.0996889	1
0.0986382	1
0.0975984	1
0.0965697	1
0.0955518	1
0.0945446	1
0.093548	1
0.092562	1
0.0915863	1
0.0906209	1
0.0896657	1
0.0887206	1
0.0877854	1
0.0868601	1
0.0859445	1
0.0850386	1
0.0841422	1
0.0832553	1
0.0823778	1
0.0815094	1
0.0806503	1
0.0798002	1
0.078959	1
0.0781267	1
0.0773032	1
0.0764884	1
0.0756821	1
0.0748844	1
0.0740951	1
0.0733141	1
0.0725413	1
0.0717766	1
0.0710201	1
0.0702715	1
0.0695308	1
0.0687979	1
0.0680727	1
0.0673551	1
0.0666452	1
0.0659427	1
0.0652476	1
0.0645599	1
0.0638794	1
0.063206	1
0.0625398	1
0.0618806	1
0.0612283	1
0.0605829	1
0.0599443	1
0.0593125	1
0.0586873	1
0.0580687	1
0.0574566	1
0.056851	1
0.0562517	1
0.0556588	1
0.0550721	1
0.0544916	1
0.0539172	1
0.0533489	1
0.0527866	1
0.0522302	1
0.0516796	1
0.0511349	1
0.0505959	1
0.0500626	1
0.0495349	1
0.0490127	1
0.0484961	1
0.0479849	1
0.0474791	1
0.0469787	1
0.0464835	1
0.0459935	1
0.0455087	1
0.045029	1
0.0445544	1
0.0440848	1
0.0436201	1
0.0431603	1
0.0427053	1
0.0422552	1
0.0418098	1
0.0413691	1
0.040933	1
0.0405016	1
0.0400747	1
0.0396522	1
0.0392343	1
0.0388207	1
0.0384115	1
0.0380066	1
0.037606	1
0.0372096	1
0.0368174	1
0.0364293	1
0.0360454	1
0.0356654	1
0.0352895	1
0.0349175	1
0.0345494	1
0.0341853	1
0.0338249	1
0.0334684	1
0.0331156	1
0.0327666	1
0.0324212	1
0.0320794	1
0.0317413	1
0.0314067	1
0.0310757	1
0.0307481	1
0.030424	1
0.0301033	1
0.029786	1
0.029472	1
0.0291614	1
0.028854	1
0.0285499	1
0.0282489	1
0.0279512	1
0.0276565	1
0.027365	1
0.0270766	1
0.0267912	1
0.0265088	1
0.0262293	1
0.0259529	1
0.0256793	1
0.0254086	1
0.0251408	1
0.0248758	1
0.0246136	1
0.0243542	1
0.0240974	1
0.0238434	1
0.0235921	1
0.0233434	1
0.0230974	1
0.0228539	1
0.022613	1
0.0223747	1
0.0221388	1
0.0219055	1
0.0216746	1
0.0214461	1
0.02122	1
0.0209964	1
0.0207751	1
0.0205561	1
0.0203394	1
0.020125	1
0.0199129	1
0.019703	1
0.0194953	1
0.0192898	1
0.0190865	1
0.0188853	1
0.0186862	1
0.0184893	1
0.0182944	1
0.0181015	1
0.0179107	1
0.0177219	1
0.0175351	1
0.0173503	1
0.0171674	1
0.0169865	1
0.0168074	1
0.0166303	1
0.016455	1
0.0162815	1
0.0161099	1
0.0159401	1
0.0157721	1
0.0156058	1
0.0154413	1
0.0152786	1
0.0151175	1
0.0149582	1
0.0148005	1
0.0146445	1
0.0144901	1
0.0143374	1
0.0141863	1
0.0140367	1
0.0138888	1
0.0137424	1
0.0135975	1
0.0134542	1
0.0133124	1
0.0131721	1
0.0130332	1
0.0128958	1
0.0127599	1
0.0126254	1
0.0124923	1
0.0123606	1
0.0122304	1
0.0121014	1
0.0119739	1
0.0118477	1
0.0117228	1
0.0115992	1
0.011477	1
0.011356	1
0.0112363	1
0.0111178	1
0.0110007	1
0.0108847	1
0.01077	1
0.0106564	1
0.0105441	1
0.010433	1
0.010323	1
0.0102142	1
0.0101065	1
0.01	1
0.01	0.637088


