#Mass	Um	Events
0.01	3.7474e-05
0.0101065	3.61498e-05
0.0102142	3.49508e-05
0.010323	3.37157e-05
0.010433	3.25242e-05
0.0105441	3.13749e-05
0.0106564	3.03343e-05
0.01077	2.92623e-05
0.0108847	2.82282e-05
0.0110007	2.72307e-05
0.0111178	2.62684e-05
0.0112363	2.53401e-05
0.011356	2.44446e-05
0.011477	2.36339e-05
0.0115992	2.27987e-05
0.0117228	2.1993e-05
0.0118477	2.12158e-05
0.0119739	2.04661e-05
0.0121014	1.97429e-05
0.0122304	1.90452e-05
0.0123606	1.83722e-05
0.0124923	1.77229e-05
0.0126254	1.70966e-05
0.0127599	1.64924e-05
0.0128958	1.59096e-05
0.0130332	1.53474e-05
0.0131721	1.48051e-05
0.0133124	1.42819e-05
0.0134542	1.37772e-05
0.0135975	1.32903e-05
0.0137424	1.28207e-05
0.0138888	1.23398e-05
0.0140367	1.19037e-05
0.0141863	1.14831e-05
0.0143374	1.10773e-05
0.0144901	1.06858e-05
0.0146445	1.03082e-05
0.0148005	9.92161e-06
0.0149582	9.57099e-06
0.0151175	9.23277e-06
0.0152786	8.9065e-06
0.0154413	8.59176e-06
0.0156058	8.28814e-06
0.0157721	7.97729e-06
0.0159401	7.69539e-06
0.0161099	7.42344e-06
0.0162815	7.16111e-06
0.016455	6.89253e-06
0.0166303	6.64896e-06
0.0168074	6.414e-06
0.0169865	6.18734e-06
0.0171674	5.95528e-06
0.0173503	5.74483e-06
0.0175351	5.54182e-06
0.0177219	5.34598e-06
0.0179107	5.14548e-06
0.0181015	4.96365e-06
0.0182944	4.78824e-06
0.0184893	4.60866e-06
0.0186862	4.44579e-06
0.0188853	4.28869e-06
0.0190865	4.13713e-06
0.0192898	3.99093e-06
0.0194953	3.84125e-06
0.019703	3.70551e-06
0.0199129	3.57456e-06
0.020125	3.44824e-06
0.0203394	3.32639e-06
0.0205561	3.20884e-06
0.0207751	3.08849e-06
0.0209964	2.97935e-06
0.02122	2.87406e-06
0.0214461	2.7725e-06
0.0216746	2.67452e-06
0.0219055	2.58001e-06
0.0221388	2.48883e-06
0.0223747	2.40088e-06
0.022613	2.31604e-06
0.0228539	2.23922e-06
0.0230974	2.16009e-06
0.0233434	2.08376e-06
0.0235921	2.01465e-06
0.0238434	1.94345e-06
0.0240974	1.87478e-06
0.0243542	1.8126e-06
0.0246136	1.75248e-06
0.0248758	1.69055e-06
0.0251408	1.63448e-06
0.0254086	1.58027e-06
0.0256793	1.52785e-06
0.0259529	1.47718e-06
0.0262293	1.42819e-06
0.0265088	1.38393e-06
0.0267912	1.33803e-06
0.0270766	1.29656e-06
0.027365	1.25638e-06
0.0276565	1.21744e-06
0.0279512	1.18237e-06
0.0282489	1.14573e-06
0.0285499	1.11272e-06
0.028854	1.0831e-06
0.0291614	1.0519e-06
0.029472	1.0262e-06
0.029786	9.98876e-07
0.0301033	9.76666e-07
0.030424	9.5495e-07
0.0307481	9.35818e-07
0.0310757	9.19134e-07
0.0314067	9.06817e-07
0.0317413	8.96678e-07
0.0320794	8.94664e-07
0.0324212	8.96678e-07
0.0327666	9.12955e-07
0.0331156	9.48529e-07
0.0334684	1.0378e-06
0.0338249	1.4314e-06
0.0341853	4.52649e-06
0.0345494	4.39609e-06
0.0349175	4.25985e-06
0.0352895	4.13713e-06
0.0356654	4.00892e-06
0.0360454	3.89343e-06
0.0364293	3.77277e-06
0.0368174	3.66408e-06
0.0372096	3.55053e-06
0.037606	3.44824e-06
0.0380066	3.34138e-06
0.0384115	3.24512e-06
0.0388207	3.14455e-06
0.0392343	3.0471e-06
0.0396522	2.95932e-06
0.0400747	2.86761e-06
0.0405016	2.78499e-06
0.040933	2.69869e-06
0.0413691	2.61505e-06
0.0418098	2.53401e-06
0.0422552	2.46101e-06
0.0427053	2.38474e-06
0.0431603	2.31084e-06
0.0436201	2.23922e-06
0.0440848	2.16983e-06
0.0445544	2.10259e-06
0.045029	2.04201e-06
0.0455087	1.97873e-06
0.0459935	1.91741e-06
0.0464835	1.85799e-06
0.0469787	1.79636e-06
0.0474791	1.74069e-06
0.0479849	1.68675e-06
0.0484961	1.63448e-06
0.0490127	1.58382e-06
0.0495349	1.53129e-06
0.0500626	1.48384e-06
0.0505959	1.43785e-06
0.0511349	1.39017e-06
0.0516796	1.34708e-06
0.0522302	1.30241e-06
0.0527866	1.26204e-06
0.0533489	1.22019e-06
0.0539172	1.17972e-06
0.0544916	1.14316e-06
0.0550721	1.10524e-06
0.0556588	1.06858e-06
0.0562517	1.03314e-06
0.056851	9.98876e-07
0.0574566	9.65747e-07
0.0580687	9.33716e-07
0.0586873	9.0072e-07
0.0593125	8.70846e-07
0.0599443	8.41963e-07
0.0605829	8.14038e-07
0.0612283	7.85271e-07
0.0618806	7.59226e-07
0.0625398	7.32396e-07
0.063206	7.06515e-07
0.0638794	6.83082e-07
0.0645599	6.58943e-07
0.0652476	6.35657e-07
0.0659427	6.13194e-07
0.0666452	5.91524e-07
0.0673551	5.70621e-07
0.0680727	5.50456e-07
0.0687979	5.31004e-07
0.0695308	5.12239e-07
0.0702715	4.94137e-07
0.0710201	4.75605e-07
0.0717766	4.58798e-07
0.0725413	4.4159e-07
0.0733141	4.25985e-07
0.0740951	4.10009e-07
0.0748844	3.9552e-07
0.0756821	3.80686e-07
0.0764884	3.67233e-07
0.0773032	3.5346e-07
0.0781267	3.40203e-07
0.078959	3.27444e-07
0.0798002	3.15872e-07
0.0806503	3.04026e-07
0.0815094	2.92623e-07
0.0823778	2.81648e-07
0.0832553	2.71085e-07
0.0841422	2.60918e-07
0.0850386	2.51132e-07
0.0859445	2.41713e-07
0.0868601	2.32648e-07
0.0877854	2.23922e-07
0.0887206	2.15524e-07
0.0896657	2.06975e-07
0.0906209	1.99212e-07
0.0915863	1.91741e-07
0.092562	1.8455e-07
0.093548	1.77628e-07
0.0945446	1.70966e-07
0.0955518	1.64184e-07
0.0965697	1.58027e-07
0.0975984	1.521e-07
0.0986382	1.46395e-07
0.0996889	1.40588e-07
0.100751	1.35316e-07
0.101824	1.30241e-07
0.102909	1.25074e-07
0.104005	1.20383e-07
0.105113	1.15868e-07
0.106233	1.11523e-07
0.107365	1.07099e-07
0.108508	1.03082e-07
0.109664	9.92161e-08
0.110833	9.52805e-08
0.112013	9.1707e-08
0.113207	8.82675e-08
0.114413	8.47662e-08
0.115631	8.1587e-08
0.116863	7.85271e-08
0.118108	7.54122e-08
0.119366	7.25838e-08
0.120638	6.97046e-08
0.121923	6.70904e-08
0.123222	6.44291e-08
0.124535	6.20127e-08
0.125861	5.95528e-08
0.127202	5.71905e-08
0.128557	5.4922e-08
0.129927	5.27434e-08
0.131311	5.06512e-08
0.13271	4.85328e-08
0.134123	4.66076e-08
0.135552	4.46583e-08
0.136996	4.25985e-08
0.138456	4.00892e-08
0.139931	3.70551e-08
0.141421	3.3489e-08
0.142928	2.98605e-08
0.144451	2.63275e-08
0.145989	2.31084e-08
0.147545	2.02828e-08
0.149116	1.78028e-08
0.150705	1.56964e-08
0.15231	1.39017e-08
0.153933	1.23676e-08
0.155573	1.10524e-08
0.15723	9.94394e-09
0.158905	8.96678e-09
0.160598	8.12209e-09
0.162309	7.39013e-09
0.164038	6.75445e-09
0.165785	6.18734e-09
0.167551	5.69339e-09
0.169336	5.25067e-09
0.17114	4.85328e-09
0.172963	4.49606e-09
0.174806	4.18391e-09
0.176668	3.89343e-09
0.17855	3.63127e-09
0.180452	3.39439e-09
0.182375	3.1801e-09
0.184317	2.98605e-09
0.186281	2.80384e-09
0.188265	2.64462e-09
0.190271	2.48883e-09
0.192298	2.35278e-09
0.194347	2.22417e-09
0.196417	2.10259e-09
0.198509	1.99212e-09
0.200624	1.90881e-09
0.202761	1.8126e-09
0.204921	1.72511e-09
0.207104	1.63816e-09
0.209311	1.5626e-09
0.21154	1.48718e-09
0.213794	1.41859e-09
0.216071	1.3562e-09
0.218373	1.29365e-09
0.2207	1.23954e-09
0.223051	1.18503e-09
0.225427	1.13547e-09
0.227828	1.08798e-09
0.230255	1.04248e-09
0.232708	1.00112e-09
0.235187	9.61413e-10
0.237693	9.23277e-10
0.240225	8.88649e-10
0.242784	8.55321e-10
0.24537	8.04937e-10
0.247984	7.17723e-10
0.250626	6.67893e-10
0.253296	6.2573e-10
0.255994	5.90196e-10
0.258721	5.59189e-10
0.261478	5.31004e-10
0.264263	5.06512e-10
0.267078	4.8315e-10
0.269923	4.61903e-10
0.272799	4.42584e-10
0.275705	4.24074e-10
0.278642	4.07252e-10
0.281611	3.91978e-10
0.284611	3.77277e-10
0.287642	3.63944e-10
0.290707	3.51874e-10
0.293804	3.40203e-10
0.296933	3.2966e-10
0.300097	3.19444e-10
0.303294	3.10241e-10
0.306525	3.01982e-10
0.30979	2.93942e-10
0.31309	2.86117e-10
0.316426	2.79755e-10
0.319796	2.73534e-10
0.323203	2.67452e-10
0.326646	2.62684e-10
0.330126	2.58001e-10
0.333643	2.53972e-10
0.337197	2.50568e-10
0.340789	2.47767e-10
0.34442	2.45548e-10
0.348089	2.44446e-10
0.351797	2.43897e-10
0.355545	2.44446e-10
0.359332	2.46101e-10
0.36316	2.49444e-10
0.367029	2.54543e-10
0.370939	2.63275e-10
0.374891	2.76627e-10
0.378884	2.98605e-10
0.382921	3.43277e-10
0.387	5.18031e-10
0.391122	3.09631e-06
0.395289	2.98354e-06
0.3995	2.87487e-06
0.403756	2.77016e-06
0.408057	2.66926e-06
0.412404	2.57204e-06
0.416798	2.47836e-06
0.421238	2.3881e-06
0.425725	2.30112e-06
0.43026	2.22105e-06
0.434844	2.14015e-06
0.439476	2.06568e-06
0.444158	1.9938e-06
0.44889	1.92119e-06
0.453672	1.85434e-06
0.458505	1.78981e-06
0.463389	1.72753e-06
0.468325	1.66742e-06
0.473315	1.6094e-06
0.478357	1.5534e-06
0.483453	1.50188e-06
0.488603	1.44962e-06
0.493808	1.39918e-06
0.499068	1.35278e-06
0.504385	1.3057e-06
0.509758	1.2624e-06
0.515189	1.21847e-06
0.520677	1.17806e-06
0.526224	1.13707e-06
0.53183	1.09935e-06
0.537495	1.06289e-06
0.543221	1.02764e-06
0.549008	9.93556e-07
0.554857	9.60603e-07
0.560767	9.27178e-07
0.566741	8.96426e-07
0.572779	8.68158e-07
0.578881	8.39364e-07
0.585047	8.11525e-07
0.59128	7.84609e-07
0.597579	7.58586e-07
0.603945	7.34664e-07
0.610379	7.10298e-07
0.616881	6.86739e-07
0.623453	6.65083e-07
0.630094	6.43025e-07
0.636807	6.22747e-07
0.64359	6.02092e-07
0.650447	5.83105e-07
0.657376	5.63766e-07
0.664379	5.45987e-07
0.671456	5.2877e-07
0.678609	5.12095e-07
0.685839	4.95111e-07
0.693145	4.79497e-07
0.700529	4.64376e-07
0.707992	4.49732e-07
0.715534	4.3555e-07
0.723156	4.21815e-07
0.73086	4.08513e-07
0.738646	3.95631e-07
0.746515	3.83801e-07
0.754467	3.71698e-07
0.762505	3.59977e-07
0.770628	3.49213e-07
0.778837	3.38201e-07
0.787134	3.27536e-07
0.795519	3.17742e-07
0.803994	3.07722e-07
0.812559	2.98521e-07
0.821215	2.89596e-07
0.829964	2.80463e-07
0.838805	2.72077e-07
0.847741	2.63942e-07
0.856772	2.5605e-07
0.865899	2.48394e-07
0.875123	2.40967e-07
0.884446	2.33762e-07
0.893868	2.26773e-07
0.90339	2.20363e-07
0.913014	2.13775e-07
0.922741	2.07733e-07
0.932571	2.01521e-07
0.942505	1.95826e-07
0.952546	1.89971e-07
0.962693	1.84602e-07
0.972949	1.79384e-07
0.983313	1.74314e-07
0.993789	1.69388e-07
1.00438	1.646e-07
1.01508	1.60218e-07
1.02589	1.5569e-07
1.03682	1.51545e-07
1.04786	1.47262e-07
1.05903	1.43342e-07
1.07031	1.39525e-07
1.08171	1.35811e-07
1.09323	1.32418e-07
1.10488	1.28893e-07
1.11665	1.25673e-07
1.12854	1.22328e-07
1.14057	1.19272e-07
1.15272	1.16293e-07
1.165	1.13579e-07
1.17741	1.10742e-07
1.18995	1.08158e-07
1.20263	1.05634e-07
1.21544	1.03169e-07
1.22839	1.00932e-07
1.24147	9.85767e-08
1.2547	9.64391e-08
1.26806	9.4507e-08
1.28157	9.24576e-08
1.29523	9.06052e-08
1.30902	8.89399e-08
1.32297	8.73052e-08
1.33706	8.56644e-08
1.35131	8.41135e-08
1.3657	8.28232e-08
1.38025	8.14381e-08
1.39495	8.01888e-08
1.40981	7.90697e-08
1.42483	7.80759e-08
1.44001	7.7203e-08
1.45535	7.63399e-08
1.47086	7.55926e-08
1.48653	7.49578e-08
1.50236	7.45376e-08
1.51837	7.41198e-08
1.53454	7.39117e-08
1.55089	7.38079e-08
1.56741	7.39117e-08
1.58411	7.4224e-08
1.60098	7.46424e-08
1.61804	7.53804e-08
1.63528	7.64472e-08
1.6527	7.77474e-08
1.6703	7.95155e-08
1.6881	8.16673e-08
1.70608	8.45877e-08
1.72425	8.82303e-08
1.74262	9.30703e-08
1.76119	9.94254e-08
1.77995	1.08173e-07
1.79891	1.20875e-07
1.81807	1.41083e-07
1.83744	1.80167e-07
1.85702	3.29243e-07
1.85702	7.38391e-06
1.83744	9.98596e-06
1.81807	1.16227e-05
1.79891	1.30791e-05
1.77995	1.44718e-05
1.76119	1.59052e-05
1.74262	1.73337e-05
1.72425	1.88587e-05
1.70608	2.04144e-05
1.6881	2.20611e-05
1.6703	2.38005e-05
1.6527	2.55906e-05
1.63528	2.75154e-05
1.61804	2.95848e-05
1.60098	3.17029e-05
1.58411	3.40299e-05
1.56741	3.64661e-05
1.55089	3.90109e-05
1.53454	4.17334e-05
1.51837	4.46458e-05
1.50236	4.77614e-05
1.48653	5.10945e-05
1.47086	5.45681e-05
1.45535	5.83761e-05
1.44001	6.23447e-05
1.42483	6.65831e-05
1.40981	7.11097e-05
1.39495	7.59439e-05
1.38025	8.11069e-05
1.3657	8.66208e-05
1.35131	9.25095e-05
1.33706	9.87986e-05
1.32297	0.000105426
1.30902	0.000112784
1.29523	0.000120383
1.28157	0.000128784
1.26806	0.000137462
1.2547	0.000146725
1.24147	0.000156964
1.22839	0.000167918
1.21544	0.000179233
1.20263	0.000191741
1.18995	0.000205122
1.17741	0.000219436
1.165	0.00023475
1.15272	0.000251132
1.14057	0.000268658
1.12854	0.000288053
1.11665	0.000308155
1.10488	0.000330402
1.09323	0.00035346
1.08171	0.000378977
1.07031	0.000405425
1.05903	0.000434694
1.04786	0.000466076
1.03682	0.000498602
1.02589	0.000534598
1.01508	0.000571905
1.00438	0.000613194
0.993789	0.000657463
0.983313	0.000704928
0.972949	0.000755819
0.962693	0.000810385
0.952546	0.00086889
0.942505	0.000931619
0.932571	0.00100112
0.922741	0.00107582
0.913014	0.00115868
0.90339	0.00124513
0.893868	0.00134406
0.884446	0.00146067
0.875123	0.00158382
0.865899	0.00168296
0.856772	0.00178429
0.847741	0.00189171
0.838805	0.00200561
0.829964	0.00212636
0.821215	0.00225438
0.812559	0.00239011
0.803994	0.00253401
0.795519	0.00268054
0.787134	0.00284193
0.778837	0.00300627
0.770628	0.0031801
0.762505	0.003364
0.754467	0.00355852
0.746515	0.00376429
0.738646	0.00398197
0.73086	0.00421223
0.723156	0.0044558
0.715534	0.00471346
0.707992	0.00497482
0.700529	0.00526249
0.693145	0.0055668
0.685839	0.0058887
0.678609	0.00621523
0.671456	0.00657463
0.664379	0.00695481
0.657376	0.00734045
0.650447	0.00776492
0.64359	0.00821393
0.636807	0.00866938
0.630094	0.0091707
0.623453	0.00967921
0.616881	0.0102389
0.610379	0.0108067
0.603945	0.0114316
0.597579	0.0120926
0.59128	0.0127631
0.585047	0.0134708
0.578881	0.0142178
0.572779	0.0150399
0.566741	0.0158739
0.560767	0.0167541
0.554857	0.0176831
0.549008	0.0186636
0.543221	0.0197429
0.537495	0.0208376
0.53183	0.021993
0.526224	0.0232648
0.520677	0.0245548
0.515189	0.0259164
0.509758	0.027415
0.504385	0.0289352
0.499068	0.0306083
0.493808	0.0323056
0.488603	0.0341737
0.483453	0.0360686
0.478357	0.0381543
0.473315	0.0403605
0.468325	0.0425985
0.463389	0.0450618
0.458505	0.0476675
0.453672	0.0504239
0.44889	0.0533397
0.444158	0.0564241
0.439476	0.0596869
0.434844	0.0631383
0.43026	0.0669397
0.425725	0.0708105
0.421238	0.0750738
0.416798	0.079415
0.412404	0.0841963
0.408057	0.0892655
0.403756	0.0946399
0.3995	0.100338
0.395289	0.106379
0.391122	0.112784
0.387	0.233697
0.382921	0.254543
0.378884	0.27292
0.374891	0.29131
0.370939	0.310939
0.367029	0.331146
0.36316	0.35346
0.359332	0.376429
0.355545	0.401794
0.351797	0.427905
0.348089	0.456739
0.34442	0.48642
0.340789	0.519197
0.337197	0.555429
0.333643	0.592856
0.330126	0.632804
0.326646	0.676965
0.323203	0.724208
0.319796	0.776492
0.316426	0.83068
0.31309	0.89065
0.30979	0.957099
0.306525	1
0.303294	1
0.300097	1
0.296933	1
0.293804	1
0.290707	1
0.287642	1
0.284611	1
0.281611	1
0.278642	1
0.275705	1
0.272799	1
0.269923	1
0.267078	1
0.264263	1
0.261478	1
0.258721	1
0.255994	1
0.253296	1
0.250626	1
0.247984	1
0.24537	1
0.242784	1
0.240225	1
0.237693	1
0.235187	1
0.232708	1
0.230255	1
0.227828	1
0.225427	1
0.223051	1
0.2207	1
0.218373	1
0.216071	1
0.213794	1
0.21154	1
0.209311	1
0.207104	1
0.204921	1
0.202761	1
0.200624	1
0.198509	1
0.196417	1
0.194347	1
0.192298	1
0.190271	1
0.188265	1
0.186281	1
0.184317	1
0.182375	1
0.180452	1
0.17855	1
0.176668	1
0.174806	1
0.172963	1
0.17114	1
0.169336	1
0.167551	1
0.165785	1
0.164038	1
0.162309	1
0.160598	1
0.158905	1
0.15723	1
0.155573	1
0.153933	1
0.15231	1
0.150705	1
0.149116	1
0.147545	1
0.145989	1
0.144451	1
0.142928	1
0.141421	1
0.139931	1
0.138456	1
0.136996	1
0.135552	1
0.134123	1
0.13271	1
0.131311	1
0.129927	1
0.128557	1
0.127202	1
0.125861	1
0.124535	1
0.123222	1
0.121923	1
0.120638	1
0.119366	1
0.118108	1
0.116863	1
0.115631	1
0.114413	1
0.113207	1
0.112013	1
0.110833	1
0.109664	1
0.108508	1
0.107365	1
0.106233	1
0.105113	1
0.104005	1
0.102909	1
0.101824	1
0.100751	1
0.0996889	1
0.0986382	1
0.0975984	1
0.0965697	1
0.0955518	1
0.0945446	1
0.093548	1
0.092562	1
0.0915863	1
0.0906209	1
0.0896657	1
0.0887206	1
0.0877854	1
0.0868601	1
0.0859445	1
0.0850386	1
0.0841422	1
0.0832553	1
0.0823778	1
0.0815094	1
0.0806503	1
0.0798002	1
0.078959	1
0.0781267	1
0.0773032	1
0.0764884	1
0.0756821	1
0.0748844	1
0.0740951	1
0.0733141	1
0.0725413	1
0.0717766	1
0.0710201	1
0.0702715	1
0.0695308	1
0.0687979	1
0.0680727	1
0.0673551	1
0.0666452	1
0.0659427	1
0.0652476	1
0.0645599	1
0.0638794	1
0.063206	1
0.0625398	1
0.0618806	1
0.0612283	1
0.0605829	1
0.0599443	1
0.0593125	1
0.0586873	1
0.0580687	1
0.0574566	1
0.056851	1
0.0562517	1
0.0556588	1
0.0550721	1
0.0544916	1
0.0539172	1
0.0533489	1
0.0527866	1
0.0522302	1
0.0516796	1
0.0511349	1
0.0505959	1
0.0500626	1
0.0495349	1
0.0490127	1
0.0484961	1
0.0479849	1
0.0474791	1
0.0469787	1
0.0464835	1
0.0459935	1
0.0455087	1
0.045029	1
0.0445544	1
0.0440848	1
0.0436201	1
0.0431603	1
0.0427053	1
0.0422552	1
0.0418098	1
0.0413691	1
0.040933	1
0.0405016	1
0.0400747	1
0.0396522	1
0.0392343	1
0.0388207	1
0.0384115	1
0.0380066	1
0.037606	1
0.0372096	1
0.0368174	1
0.0364293	1
0.0360454	1
0.0356654	1
0.0352895	1
0.0349175	1
0.0345494	1
0.0341853	1
0.0338249	1
0.0334684	1
0.0331156	1
0.0327666	1
0.0324212	1
0.0320794	1
0.0317413	1
0.0314067	1
0.0310757	1
0.0307481	1
0.030424	1
0.0301033	1
0.029786	1
0.029472	1
0.0291614	1
0.028854	1
0.0285499	1
0.0282489	1
0.0279512	1
0.0276565	1
0.027365	1
0.0270766	1
0.0267912	1
0.0265088	1
0.0262293	1
0.0259529	1
0.0256793	1
0.0254086	1
0.0251408	1
0.0248758	1
0.0246136	1
0.0243542	1
0.0240974	1
0.0238434	1
0.0235921	1
0.0233434	1
0.0230974	1
0.0228539	1
0.022613	1
0.0223747	1
0.0221388	1
0.0219055	1
0.0216746	1
0.0214461	1
0.02122	1
0.0209964	1
0.0207751	1
0.0205561	1
0.0203394	1
0.020125	1
0.0199129	1
0.019703	1
0.0194953	1
0.0192898	1
0.0190865	1
0.0188853	1
0.0186862	1
0.0184893	1
0.0182944	1
0.0181015	1
0.0179107	1
0.0177219	1
0.0175351	1
0.0173503	1
0.0171674	1
0.0169865	1
0.0168074	1
0.0166303	1
0.016455	1
0.0162815	1
0.0161099	1
0.0159401	1
0.0157721	1
0.0156058	1
0.0154413	1
0.0152786	1
0.0151175	1
0.0149582	1
0.0148005	1
0.0146445	1
0.0144901	1
0.0143374	1
0.0141863	1
0.0140367	1
0.0138888	1
0.0137424	1
0.0135975	1
0.0134542	1
0.0133124	1
0.0131721	1
0.0130332	1
0.0128958	1
0.0127599	1
0.0126254	1
0.0124923	1
0.0123606	1
0.0122304	1
0.0121014	1
0.0119739	1
0.0118477	1
0.0117228	1
0.0115992	1
0.011477	1
0.011356	1
0.0112363	1
0.0111178	1
0.0110007	1
0.0108847	1
0.01077	1
0.0106564	1
0.0105441	1
0.010433	1
0.010323	1
0.0102142	1
0.0101065	1
0.01	1
0.01	3.7474e-05


