#Mass	Ue	Um	Ut	Events
0.603945	8.4552e-05
0.610379	5.85404e-05
0.616881	4.78151e-05
0.623453	4.1151e-05
0.630094	3.65688e-05
0.636807	3.29938e-05
0.64359	3.02236e-05
0.650447	2.78734e-05
0.657376	2.59237e-05
0.664379	2.41917e-05
0.671456	2.27283e-05
0.678609	2.14617e-05
0.685839	2.03e-05
0.693145	1.92985e-05
0.700529	1.83464e-05
0.707992	1.75297e-05
0.715534	1.67494e-05
0.723156	1.60579e-05
0.73086	1.54209e-05
0.738646	1.48092e-05
0.746515	1.42458e-05
0.754467	1.37501e-05
0.762505	1.3294e-05
0.770628	1.28315e-05
0.778837	1.24478e-05
0.787134	1.20553e-05
0.795519	1.17145e-05
0.803994	1.13835e-05
0.812559	1.10804e-05
0.821215	1.08036e-05
0.829964	1.05515e-05
0.838805	1.03053e-05
0.847741	1.00818e-05
0.856772	9.87986e-06
0.865899	9.68193e-06
0.875123	9.52002e-06
0.884446	9.37661e-06
0.893868	9.25095e-06
0.90339	9.14239e-06
0.913014	9.05034e-06
0.922741	8.97435e-06
0.932571	8.89837e-06
0.942505	8.85719e-06
0.952546	8.81621e-06
0.962693	8.78899e-06
0.972949	8.80259e-06
0.983313	8.82985e-06
0.993789	8.8709e-06
1.00438	8.95356e-06
1.01508	9.06498e-06
1.02589	9.22045e-06
1.03682	9.45136e-06
1.04786	9.77833e-06
1.05903	1.02333e-05
1.07031	1.09706e-05
1.08171	1.23517e-05
1.08171	1.92274e-05
1.07031	2.37429e-05
1.05903	2.79058e-05
1.04786	3.19938e-05
1.03682	3.63076e-05
1.02589	4.07997e-05
1.01508	4.55905e-05
1.00438	5.06583e-05
0.993789	5.62104e-05
0.983313	6.20214e-05
0.972949	6.84331e-05
0.962693	7.52957e-05
0.952546	8.28465e-05
0.942505	9.08986e-05
0.932571	9.95933e-05
0.922741	0.000109043
0.913014	0.000119574
0.90339	0.000130828
0.893868	0.00014314
0.884446	0.000156964
0.875123	0.000171737
0.865899	0.000185799
0.856772	0.000200561
0.847741	0.000216009
0.838805	0.000232648
0.829964	0.000250568
0.821215	0.000269262
0.812559	0.000288702
0.803994	0.000309544
0.795519	0.000330402
0.787134	0.000352666
0.778837	0.000375584
0.770628	0.000399992
0.762505	0.000424074
0.754467	0.000450618
0.746515	0.000477748
0.738646	0.000506512
0.73086	0.000537008
0.723156	0.00056806
0.715534	0.000600909
0.707992	0.000635657
0.700529	0.000670904
0.693145	0.000708105
0.685839	0.00074569
0.678609	0.000785271
0.671456	0.000825095
0.664379	0.000864991
0.657376	0.000906817
0.650447	0.000946399
0.64359	0.00098549
0.636807	0.00102389
0.630094	0.00105664
0.623453	0.00108067
0.616881	0.00109043
0.610379	0.0010734
0.603945	0.000967921
0.603945	8.4552e-05


