#Mass	Ue	Um	Events
0.24537	5.37008e-09
0.247984	2.44446e-09
0.250626	1.97873e-09
0.253296	1.72123e-09
0.255994	1.5382e-09
0.258721	1.40273e-09
0.261478	1.29074e-09
0.264263	1.19843e-09
0.267078	1.12025e-09
0.269923	1.0519e-09
0.272799	9.92161e-10
0.275705	9.37925e-10
0.278642	8.9065e-10
0.281611	8.47662e-10
0.284611	8.08565e-10
0.287642	7.73007e-10
0.290707	7.39013e-10
0.293804	7.09699e-10
0.296933	6.81547e-10
0.300097	6.55986e-10
0.303294	6.32804e-10
0.306525	6.10442e-10
0.30979	5.90196e-10
0.31309	5.71905e-10
0.316426	5.54182e-10
0.319796	5.38217e-10
0.323203	5.23888e-10
0.326646	5.09941e-10
0.330126	4.96365e-10
0.333643	4.85328e-10
0.337197	4.74536e-10
0.340789	4.65029e-10
0.34442	4.56739e-10
0.348089	4.49606e-10
0.351797	4.42584e-10
0.355545	4.38621e-10
0.359332	4.34694e-10
0.36316	4.33718e-10
0.367029	4.35673e-10
0.370939	4.40598e-10
0.374891	4.51632e-10
0.378884	4.73471e-10
0.382921	5.21537e-10
0.387	7.32396e-10
0.391122	4.90401e-08
0.395289	4.76541e-08
0.3995	4.63073e-08
0.403756	4.59185e-08
0.408057	4.4696e-08
0.412404	4.34328e-08
0.416798	4.22765e-08
0.421238	4.1151e-08
0.425725	4.00554e-08
0.43026	3.8989e-08
0.434844	3.7951e-08
0.439476	3.69407e-08
0.444158	3.59572e-08
0.44889	3.5059e-08
0.453672	3.41257e-08
0.458505	3.32732e-08
0.463389	3.24421e-08
0.468325	3.15784e-08
0.473315	3.07895e-08
0.478357	3.00204e-08
0.483453	2.92705e-08
0.488603	2.85875e-08
0.493808	8.207e-06
0.499068	8.0155e-06
0.504385	7.81528e-06
0.509758	7.63292e-06
0.515189	7.44225e-06
0.520677	7.26859e-06
0.526224	7.09899e-06
0.53183	6.93334e-06
0.537495	6.76015e-06
0.543221	6.6024e-06
0.549008	6.44834e-06
0.554857	6.29788e-06
0.560767	6.15092e-06
0.566741	6.0074e-06
0.572779	5.87713e-06
0.578881	5.73999e-06
0.585047	5.60605e-06
0.59128	5.47524e-06
0.597579	5.35651e-06
0.603945	5.23152e-06
0.610379	5.11807e-06
0.616881	4.99865e-06
0.623453	4.89025e-06
0.630094	4.77614e-06
0.636807	4.67257e-06
0.64359	4.57124e-06
0.650447	4.46458e-06
0.657376	4.36776e-06
0.664379	4.27304e-06
0.671456	4.18038e-06
0.678609	4.08973e-06
0.685839	4.00104e-06
0.693145	3.90768e-06
0.700529	3.82294e-06
0.707992	3.74635e-06
0.715534	3.66511e-06
0.723156	3.58563e-06
0.73086	3.50787e-06
0.738646	3.4318e-06
0.746515	3.35738e-06
0.754467	3.29012e-06
0.762505	3.21877e-06
0.770628	3.14897e-06
0.778837	3.08589e-06
0.787134	3.01897e-06
0.795519	2.95848e-06
0.803994	2.89433e-06
0.812559	2.83634e-06
0.821215	2.77484e-06
0.829964	2.71924e-06
0.838805	2.66477e-06
0.847741	2.61138e-06
0.856772	2.55906e-06
0.865899	2.50779e-06
0.875123	2.45755e-06
0.884446	2.40832e-06
0.893868	2.36405e-06
0.90339	2.31669e-06
0.913014	2.27028e-06
0.922741	2.22855e-06
0.932571	2.1839e-06
0.942505	2.14376e-06
0.952546	2.10436e-06
0.962693	2.06568e-06
0.972949	2.02771e-06
0.983313	1.98709e-06
0.993789	1.95386e-06
1.00438	1.91795e-06
1.01508	1.8827e-06
1.02589	1.84809e-06
1.03682	1.81719e-06
1.04786	1.78379e-06
1.05903	1.75396e-06
1.07031	1.72305e-06
1.08171	1.694e-06
1.09323	1.66543e-06
1.10488	1.63988e-06
1.11665	1.61223e-06
1.12854	1.5875e-06
1.14057	1.56315e-06
1.15272	1.53679e-06
1.165	1.51556e-06
1.17741	1.49231e-06
1.18995	1.46942e-06
1.20263	1.44911e-06
1.21544	1.42909e-06
1.22839	1.40935e-06
1.24147	1.39202e-06
1.2547	1.37279e-06
1.26806	1.35592e-06
1.28157	1.34132e-06
1.29523	1.32484e-06
1.30902	1.31058e-06
1.32297	1.29647e-06
1.33706	1.2845e-06
1.35131	1.27264e-06
1.3657	1.26284e-06
1.38025	1.25312e-06
1.39495	1.24539e-06
1.40981	1.23772e-06
1.42483	1.23199e-06
1.44001	1.22819e-06
1.45535	1.2253e-06
1.47086	1.22349e-06
1.48653	1.2253e-06
1.50236	1.22892e-06
1.51837	1.23437e-06
1.53454	1.24535e-06
1.55089	1.26014e-06
1.56741	1.28076e-06
1.58411	1.30943e-06
1.60098	1.34865e-06
1.61804	1.40761e-06
1.63528	1.49922e-06
1.6527	1.70184e-06
1.6527	2.31612e-06
1.63528	2.87154e-06
1.61804	3.34068e-06
1.60098	3.80391e-06
1.58411	4.27815e-06
1.56741	4.78185e-06
1.55089	5.3037e-06
1.53454	5.86434e-06
1.51837	6.45424e-06
1.50236	7.0925e-06
1.48653	7.78185e-06
1.47086	8.51183e-06
1.45535	9.29592e-06
1.44001	1.01344e-05
1.42483	1.10415e-05
1.40981	1.20299e-05
1.39495	1.30699e-05
1.38025	1.41998e-05
1.3657	1.54274e-05
1.35131	1.67376e-05
1.33706	1.81591e-05
1.32297	1.97013e-05
1.30902	2.13444e-05
1.29523	2.31246e-05
1.28157	2.50533e-05
1.26806	2.71047e-05
1.2547	2.93653e-05
1.24147	3.17698e-05
1.22839	3.43711e-05
1.21544	3.71855e-05
1.20263	4.02303e-05
1.18995	4.35244e-05
1.17741	4.70883e-05
1.165	5.09439e-05
1.15272	5.51153e-05
1.14057	5.95445e-05
1.12854	6.442e-05
1.11665	6.96948e-05
1.10488	7.52957e-05
1.09323	8.1461e-05
1.08171	8.80074e-05
1.07031	9.52135e-05
1.05903	0.000102851
1.04786	0.000111022
1.03682	0.000120113
1.02589	0.000129656
1.01508	0.000139957
1.00438	0.000150738
0.993789	0.000163081
0.983313	0.000175642
0.972949	0.000189597
0.962693	0.000205122
0.952546	0.000221419
0.942505	0.000239011
0.932571	0.000258582
0.922741	0.000279126
0.913014	0.000301982
0.90339	0.000326708
0.893868	0.00035346
0.884446	0.000384125
0.875123	0.000417451
0.865899	0.000447588
0.856772	0.000479902
0.847741	0.000514548
0.838805	0.000550456
0.829964	0.00058887
0.821215	0.000629965
0.812559	0.000673928
0.803994	0.000719339
0.795519	0.00076781
0.787134	0.000817707
0.778837	0.000870846
0.770628	0.000923277
0.762505	0.000981068
0.754467	0.00104248
0.746515	0.00110524
0.738646	0.00117442
0.73086	0.00124513
0.723156	0.00132307
0.715534	0.00140273
0.707992	0.00149053
0.700529	0.00158027
0.693145	0.00167541
0.685839	0.00177628
0.678609	0.00188323
0.671456	0.0020011
0.664379	0.00212158
0.657376	0.00224932
0.650447	0.00237939
0.64359	0.00252264
0.636807	0.00267452
0.630094	0.00283555
0.623453	0.00300627
0.616881	0.0031801
0.610379	0.00337157
0.603945	0.00357456
0.597579	0.00378126
0.59128	0.00400892
0.585047	0.00424074
0.578881	0.00448596
0.572779	0.00475605
0.566741	0.00503107
0.560767	0.00532199
0.554857	0.00562974
0.549008	0.00596869
0.543221	0.00631383
0.537495	0.00667893
0.53183	0.00706515
0.526224	0.00747369
0.520677	0.00790586
0.515189	0.00836302
0.509758	0.00884662
0.504385	0.00937925
0.499068	0.00992161
0.493808	0.0104953
0.488603	0.0201918
0.483453	0.0213115
0.478357	0.0225438
0.473315	0.0237939
0.468325	0.0251132
0.463389	0.0265057
0.458505	0.0279755
0.453672	0.0295932
0.44889	0.0312341
0.444158	0.032966
0.439476	0.0348723
0.434844	0.0368059
0.43026	0.0389343
0.425725	0.0410932
0.421238	0.0434694
0.416798	0.0458798
0.412404	0.0485328
0.408057	0.0513392
0.403756	0.0543079
0.3995	0.0574483
0.395289	0.0607703
0.391122	0.0642844
0.387	0.0981068
0.382921	0.10614
0.378884	0.113038
0.374891	0.120113
0.370939	0.127345
0.367029	0.135316
0.36316	0.143462
0.359332	0.1521
0.355545	0.161257
0.351797	0.170966
0.348089	0.181668
0.34442	0.192605
0.340789	0.204201
0.337197	0.216983
0.333643	0.230565
0.330126	0.244446
0.326646	0.259747
0.323203	0.276006
0.319796	0.293942
0.316426	0.312341
0.31309	0.332639
0.30979	0.35346
0.306525	0.376429
0.303294	0.400892
0.300097	0.427905
0.296933	0.455713
0.293804	0.48642
0.290707	0.519197
0.287642	0.555429
0.284611	0.592856
0.281611	0.634229
0.278642	0.678489
0.275705	0.725838
0.272799	0.77824
0.269923	0.834424
0.267078	0.896678
0.264263	0.961413
0.261478	1
0.258721	1
0.255994	1
0.253296	1
0.250626	1
0.247984	1
0.24537	1
0.24537	5.37008e-09


