#Mass	Um	Events
0.01	0.000128784
0.0101065	0.000124513
0.0102142	0.000120113
0.010323	0.000115868
0.010433	0.000112025
0.0105441	0.000108067
0.0106564	0.000104482
0.01077	0.00010079
0.0108847	9.72284e-05
0.0110007	9.40036e-05
0.0111178	9.06817e-05
0.0112363	8.74771e-05
0.011356	8.45758e-05
0.011477	8.1587e-05
0.0115992	7.87039e-05
0.0117228	7.59226e-05
0.0118477	7.34045e-05
0.0119739	7.08105e-05
0.0121014	6.83082e-05
0.0122304	6.58943e-05
0.0123606	6.35657e-05
0.0124923	6.14574e-05
0.0126254	5.92856e-05
0.0127599	5.71905e-05
0.0128958	5.51695e-05
0.0130332	5.32199e-05
0.0131721	5.13392e-05
0.0133124	4.96365e-05
0.0134542	4.78824e-05
0.0135975	4.61903e-05
0.0137424	4.4558e-05
0.0138888	4.29834e-05
0.0140367	4.14644e-05
0.0141863	3.99992e-05
0.0143374	3.85856e-05
0.0144901	3.72221e-05
0.0146445	3.59067e-05
0.0148005	3.46378e-05
0.0149582	3.34138e-05
0.0151175	3.23056e-05
0.0152786	3.11639e-05
0.0154413	3.00627e-05
0.0156058	2.89352e-05
0.0157721	2.79126e-05
0.0159401	2.69262e-05
0.0161099	2.59747e-05
0.0162815	2.50568e-05
0.016455	2.41713e-05
0.0166303	2.33172e-05
0.0168074	2.24932e-05
0.0169865	2.16983e-05
0.0171674	2.09315e-05
0.0173503	2.01918e-05
0.0175351	1.94783e-05
0.0177219	1.879e-05
0.0179107	1.8126e-05
0.0181015	1.74854e-05
0.0182944	1.68675e-05
0.0184893	1.62714e-05
0.0186862	1.56964e-05
0.0188853	1.51417e-05
0.0190865	1.45738e-05
0.0192898	1.40588e-05
0.0194953	1.3562e-05
0.019703	1.30828e-05
0.0199129	1.26204e-05
0.020125	1.21471e-05
0.0203394	1.17178e-05
0.0205561	1.13038e-05
0.0207751	1.09288e-05
0.0209964	1.05426e-05
0.02122	1.01701e-05
0.0214461	9.81068e-06
0.0216746	9.46399e-06
0.0219055	9.12955e-06
0.0221388	8.80692e-06
0.0223747	8.51483e-06
0.022613	8.21393e-06
0.0228539	7.92366e-06
0.0230974	7.66086e-06
0.0233434	7.39013e-06
0.0235921	7.14503e-06
0.0238434	6.89253e-06
0.0240974	6.66393e-06
0.0243542	6.44291e-06
0.0246136	6.21523e-06
0.0248758	6.00909e-06
0.0251408	5.83597e-06
0.0254086	5.64241e-06
0.0256793	5.45527e-06
0.0259529	5.27434e-06
0.0262293	5.11088e-06
0.0265088	4.94137e-06
0.0267912	4.78824e-06
0.0270766	4.63985e-06
0.027365	4.49606e-06
0.0276565	4.36653e-06
0.0279512	4.23121e-06
0.0282489	4.10932e-06
0.0285499	3.99093e-06
0.028854	3.88468e-06
0.0291614	3.77277e-06
0.029472	3.68059e-06
0.029786	3.59067e-06
0.0301033	3.50295e-06
0.030424	3.42506e-06
0.0307481	3.35644e-06
0.0310757	3.30402e-06
0.0314067	3.25974e-06
0.0317413	3.2233e-06
0.0320794	3.21606e-06
0.0324212	3.23056e-06
0.0327666	3.28181e-06
0.0331156	3.41737e-06
0.0334684	3.73059e-06
0.0338249	5.13392e-06
0.0341853	1.53474e-05
0.0345494	1.48718e-05
0.0349175	1.44109e-05
0.0352895	1.39017e-05
0.0356654	1.34708e-05
0.0360454	1.30534e-05
0.0364293	1.26488e-05
0.0368174	1.22569e-05
0.0372096	1.18503e-05
0.037606	1.14831e-05
0.0380066	1.11272e-05
0.0384115	1.07582e-05
0.0388207	1.04248e-05
0.0392343	1.01017e-05
0.0396522	9.76666e-06
0.0400747	9.46399e-06
0.0405016	9.1707e-06
0.040933	8.86653e-06
0.0413691	8.59176e-06
0.0418098	8.3068e-06
0.0422552	8.04937e-06
0.0427053	7.7824e-06
0.0431603	7.54122e-06
0.0436201	7.2911e-06
0.0440848	7.04928e-06
0.0445544	6.81547e-06
0.045029	6.57463e-06
0.0455087	6.35657e-06
0.0459935	6.14574e-06
0.0464835	5.94191e-06
0.0469787	5.74483e-06
0.0474791	5.55429e-06
0.0479849	5.37008e-06
0.0484961	5.19197e-06
0.0490127	5.01977e-06
0.0495349	4.85328e-06
0.0500626	4.70287e-06
0.0505959	4.54689e-06
0.0511349	4.38621e-06
0.0516796	4.24074e-06
0.0522302	4.10009e-06
0.0527866	3.9552e-06
0.0533489	3.82401e-06
0.0539172	3.68888e-06
0.0544916	3.56653e-06
0.0550721	3.43277e-06
0.0556588	3.31146e-06
0.0562517	3.20163e-06
0.056851	3.08849e-06
0.0574566	2.97935e-06
0.0580687	2.87406e-06
0.0586873	2.77874e-06
0.0593125	2.68054e-06
0.0599443	2.58582e-06
0.0605829	2.50005e-06
0.0612283	2.41171e-06
0.0618806	2.32648e-06
0.0625398	2.23922e-06
0.063206	2.16009e-06
0.0638794	2.08376e-06
0.0645599	2.01012e-06
0.0652476	1.93473e-06
0.0659427	1.86217e-06
0.0666452	1.79636e-06
0.0673551	1.73288e-06
0.0680727	1.66789e-06
0.0687979	1.60534e-06
0.0695308	1.54861e-06
0.0702715	1.49053e-06
0.0710201	1.43785e-06
0.0717766	1.38393e-06
0.0725413	1.33202e-06
0.0733141	1.28495e-06
0.0740951	1.23676e-06
0.0748844	1.19037e-06
0.0756821	1.14573e-06
0.0764884	1.10276e-06
0.0773032	1.0614e-06
0.0781267	1.02159e-06
0.078959	9.83277e-07
0.0798002	9.46399e-07
0.0806503	9.10904e-07
0.0815094	8.76741e-07
0.0823778	8.43858e-07
0.0832553	8.12209e-07
0.0841422	7.79991e-07
0.0850386	7.50738e-07
0.0859445	7.22581e-07
0.0868601	6.95481e-07
0.0877854	6.69397e-07
0.0887206	6.42844e-07
0.0896657	6.18734e-07
0.0906209	5.94191e-07
0.0915863	5.71905e-07
0.092562	5.4922e-07
0.093548	5.28621e-07
0.0945446	5.08795e-07
0.0955518	4.89713e-07
0.0965697	4.70287e-07
0.0975984	4.52649e-07
0.0986382	4.35673e-07
0.0996889	4.18391e-07
0.100751	4.02699e-07
0.101824	3.87596e-07
0.102909	3.73059e-07
0.104005	3.58261e-07
0.105113	3.41737e-07
0.106233	3.2892e-07
0.107365	3.15872e-07
0.108508	3.04026e-07
0.109664	2.92623e-07
0.110833	2.79126e-07
0.112013	2.68658e-07
0.113207	2.58582e-07
0.114413	2.48324e-07
0.115631	2.37404e-07
0.116863	2.285e-07
0.118108	2.1993e-07
0.119366	2.11206e-07
0.120638	2.01918e-07
0.121923	1.94345e-07
0.123222	1.87056e-07
0.124535	1.79636e-07
0.125861	1.71737e-07
0.127202	1.65296e-07
0.128557	1.59096e-07
0.129927	1.52785e-07
0.131311	1.46067e-07
0.13271	1.40588e-07
0.134123	1.35316e-07
0.135552	1.29365e-07
0.136996	1.24233e-07
0.138456	1.19574e-07
0.139931	1.15089e-07
0.141421	1.10276e-07
0.142928	1.0614e-07
0.144451	1.02159e-07
0.145989	9.74472e-08
0.147545	9.37925e-08
0.149116	9.02748e-08
0.150705	8.66938e-08
0.15231	8.34424e-08
0.153933	8.01325e-08
0.155573	7.69539e-08
0.15723	7.40677e-08
0.158905	7.12898e-08
0.160598	6.86161e-08
0.162309	6.58943e-08
0.164038	6.34229e-08
0.165785	6.11816e-08
0.167551	5.8887e-08
0.169336	5.66785e-08
0.17114	5.45527e-08
0.172963	5.25067e-08
0.174806	5.05374e-08
0.176668	4.8642e-08
0.17855	4.68177e-08
0.180452	4.50618e-08
0.182375	4.33718e-08
0.184317	4.18391e-08
0.186281	4.01794e-08
0.188265	3.87596e-08
0.190271	3.73059e-08
0.192298	3.59876e-08
0.194347	3.46378e-08
0.196417	3.34138e-08
0.198509	3.21606e-08
0.200624	3.15163e-08
0.202761	3.04026e-08
0.204921	2.92623e-08
0.207104	2.81016e-08
0.209311	2.70476e-08
0.21154	2.60332e-08
0.213794	2.50568e-08
0.216071	2.41713e-08
0.218373	2.33172e-08
0.2207	2.24427e-08
0.223051	2.16496e-08
0.225427	2.08845e-08
0.227828	2.01465e-08
0.230255	1.93909e-08
0.232708	1.87478e-08
0.235187	1.80446e-08
0.237693	1.74069e-08
0.240225	1.68296e-08
0.242784	1.62714e-08
0.24537	1.56964e-08
0.247984	1.51758e-08
0.250626	1.46725e-08
0.253296	1.41859e-08
0.255994	1.37462e-08
0.258721	1.32903e-08
0.261478	1.28784e-08
0.264263	1.24793e-08
0.267078	1.20926e-08
0.269923	1.17178e-08
0.272799	1.13803e-08
0.275705	1.10276e-08
0.278642	1.07099e-08
0.281611	1.04014e-08
0.284611	1.01244e-08
0.287642	9.83277e-09
0.290707	9.57099e-09
0.293804	9.31619e-09
0.296933	9.06817e-09
0.300097	8.84662e-09
0.303294	8.63048e-09
0.306525	8.41963e-09
0.30979	8.23242e-09
0.31309	8.03129e-09
0.316426	7.87039e-09
0.319796	7.71271e-09
0.323203	7.55819e-09
0.326646	7.42344e-09
0.330126	7.30751e-09
0.333643	7.20958e-09
0.337197	7.09699e-09
0.340789	7.01765e-09
0.34442	6.97046e-09
0.348089	6.9236e-09
0.351797	6.89253e-09
0.355545	6.89253e-09
0.359332	6.9236e-09
0.36316	7.03344e-09
0.367029	7.16111e-09
0.370939	7.37354e-09
0.374891	7.74747e-09
0.378884	8.36302e-09
0.382921	9.57099e-09
0.387	1.44637e-08
0.391122	7.5391e-05
0.395289	7.22784e-05
0.3995	6.94114e-05
0.403756	6.65457e-05
0.408057	6.4122e-05
0.412404	6.14747e-05
0.416798	5.92356e-05
0.421238	5.68859e-05
0.425725	5.46294e-05
0.43026	5.2551e-05
0.434844	5.04665e-05
0.439476	4.84646e-05
0.444158	4.66207e-05
0.44889	4.47714e-05
0.453672	4.29955e-05
0.458505	4.12204e-05
0.463389	3.96521e-05
0.468325	3.80793e-05
0.473315	3.65688e-05
0.478357	3.51182e-05
0.483453	3.37252e-05
0.488603	3.23328e-05
0.493808	3.11027e-05
0.499068	2.98689e-05
0.504385	2.86841e-05
0.509758	2.75463e-05
0.515189	2.6543e-05
0.520677	2.55332e-05
0.526224	2.45203e-05
0.53183	2.35874e-05
0.537495	2.26518e-05
0.543221	2.179e-05
0.549008	2.09963e-05
0.554857	2.01635e-05
0.560767	1.94291e-05
0.566741	1.86584e-05
0.572779	1.79788e-05
0.578881	1.72948e-05
0.585047	1.66368e-05
0.59128	1.60038e-05
0.597579	1.54209e-05
0.603945	1.48092e-05
0.610379	1.42698e-05
0.616881	1.37501e-05
0.623453	1.3227e-05
0.630094	1.27452e-05
0.636807	1.22603e-05
0.64359	1.17938e-05
0.650447	1.13643e-05
0.657376	1.09504e-05
0.664379	1.05515e-05
0.671456	1.01672e-05
0.678609	9.7969e-06
0.685839	9.44008e-06
0.693145	9.08092e-06
0.700529	8.75017e-06
0.707992	8.4457e-06
0.715534	8.15183e-06
0.723156	7.86818e-06
0.73086	7.5816e-06
0.738646	7.31779e-06
0.746515	7.07508e-06
0.754467	6.81739e-06
0.762505	6.59128e-06
0.770628	6.35121e-06
0.778837	6.13021e-06
0.787134	5.92689e-06
0.795519	5.73999e-06
0.803994	5.53093e-06
0.812559	5.33847e-06
0.821215	5.15272e-06
0.829964	4.96504e-06
0.838805	4.80037e-06
0.847741	4.64115e-06
0.856772	4.47211e-06
0.865899	4.32379e-06
0.875123	4.17334e-06
0.884446	4.03492e-06
0.893868	3.90109e-06
0.90339	3.77171e-06
0.913014	3.64661e-06
0.922741	3.52567e-06
0.932571	3.40873e-06
0.942505	3.30124e-06
0.952546	3.19175e-06
0.962693	3.09109e-06
0.972949	2.99362e-06
0.983313	2.89921e-06
0.993789	2.80306e-06
1.00438	2.71924e-06
1.01508	2.63349e-06
1.02589	2.55475e-06
1.03682	2.48255e-06
1.04786	2.40021e-06
1.05903	2.32844e-06
1.07031	2.25882e-06
1.08171	2.19128e-06
1.09323	2.13294e-06
1.10488	2.07266e-06
1.11665	2.01069e-06
1.12854	1.96046e-06
1.14057	1.90827e-06
1.15272	1.85434e-06
1.165	1.80802e-06
1.17741	1.75988e-06
1.18995	1.71882e-06
1.20263	1.67588e-06
1.21544	1.63482e-06
1.22839	1.59488e-06
1.24147	1.55592e-06
1.2547	1.5226e-06
1.26806	1.49231e-06
1.28157	1.46036e-06
1.29523	1.4313e-06
1.30902	1.40282e-06
1.32297	1.37704e-06
1.33706	1.35173e-06
1.35131	1.32894e-06
1.3657	1.31058e-06
1.38025	1.29247e-06
1.39495	1.27461e-06
1.40981	1.25894e-06
1.42483	1.24732e-06
1.44001	1.23389e-06
1.45535	1.2225e-06
1.47086	1.21873e-06
1.48653	1.21497e-06
1.50236	1.21497e-06
1.51837	1.21685e-06
1.53454	1.22629e-06
1.55089	1.23772e-06
1.56741	1.25312e-06
1.58411	1.28053e-06
1.60098	1.31058e-06
1.61804	1.35592e-06
1.63528	1.41595e-06
1.6527	1.4932e-06
1.6703	1.59808e-06
1.6881	1.76155e-06
1.70608	2.03564e-06
1.72425	2.77104e-06
1.72425	3.58689e-06
1.70608	5.15018e-06
1.6881	6.29655e-06
1.6703	7.38339e-06
1.6527	8.43325e-06
1.63528	9.514e-06
1.61804	1.06454e-05
1.60098	1.18287e-05
1.58411	1.30699e-05
1.56741	1.43806e-05
1.55089	1.57561e-05
1.53454	1.72632e-05
1.51837	1.88349e-05
1.50236	2.0492e-05
1.48653	2.22636e-05
1.47086	2.41544e-05
1.45535	2.61689e-05
1.44001	2.83117e-05
1.42483	3.06299e-05
1.40981	3.30913e-05
1.39495	3.57506e-05
1.38025	3.85152e-05
1.3657	4.15519e-05
1.35131	4.47651e-05
1.33706	4.82946e-05
1.32297	5.19562e-05
1.30902	5.58953e-05
1.29523	6.02177e-05
1.28157	6.47832e-05
1.26806	6.97929e-05
1.2547	7.50843e-05
1.24147	8.0777e-05
1.22839	8.69012e-05
1.21544	9.33585e-05
1.20263	0.000100338
1.18995	0.000108067
1.17741	0.000116129
1.165	0.000124793
1.15272	0.000134406
1.14057	0.000144434
1.12854	0.000155209
1.11665	0.000167165
1.10488	0.000179636
1.09323	0.000193473
1.08171	0.000207908
1.07031	0.000223922
1.05903	0.000240629
1.04786	0.000259164
1.03682	0.000277874
1.02589	0.000299278
1.01508	0.000321606
1.00438	0.0003456
0.993789	0.000371385
0.983313	0.000399093
0.972949	0.000429834
0.962693	0.000461903
0.952546	0.000496365
0.942505	0.000534598
0.932571	0.000575776
0.922741	0.000620127
0.913014	0.000669397
0.90339	0.000724208
0.893868	0.000783507
0.884446	0.000853399
0.875123	0.000929526
0.865899	0.000987709
0.856772	0.00104953
0.847741	0.00111523
0.838805	0.00118237
0.829964	0.00125638
0.821215	0.00133202
0.812559	0.0014154
0.803994	0.00150062
0.795519	0.00159096
0.787134	0.00168675
0.778837	0.00178429
0.770628	0.00189171
0.762505	0.0020011
0.754467	0.00212158
0.746515	0.00224427
0.738646	0.00237404
0.73086	0.00251698
0.723156	0.00266252
0.715534	0.00281648
0.707992	0.00297935
0.700529	0.00315163
0.693145	0.00333387
0.685839	0.0035346
0.678609	0.00373899
0.671456	0.0039552
0.664379	0.00418391
0.657376	0.00442584
0.650447	0.00468177
0.64359	0.0049525
0.636807	0.00523888
0.630094	0.00554182
0.623453	0.00586228
0.616881	0.00618734
0.610379	0.00654513
0.603945	0.0069236
0.597579	0.00732396
0.59128	0.00774747
0.585047	0.00817707
0.578881	0.00864991
0.572779	0.00912955
0.566741	0.00963578
0.560767	0.010193
0.554857	0.0107582
0.549008	0.0113803
0.543221	0.0120113
0.537495	0.0126773
0.53183	0.0134104
0.526224	0.014154
0.520677	0.0149725
0.515189	0.0158027
0.509758	0.0167165
0.504385	0.0176831
0.499068	0.0186636
0.493808	0.0196985
0.488603	0.0207908
0.483453	0.0219436
0.478357	0.0232125
0.473315	0.0244997
0.468325	0.0259164
0.463389	0.0273534
0.458505	0.0289352
0.453672	0.0305396
0.44889	0.0323056
0.444158	0.0342506
0.439476	0.0363944
0.434844	0.038499
0.43026	0.0408169
0.425725	0.0433718
0.421238	0.045983
0.416798	0.0487515
0.412404	0.0518031
0.408057	0.0550456
0.403756	0.0584911
0.3995	0.0620127
0.395289	0.0658943
0.391122	0.0698616
0.387	0.190024
0.382921	0.207908
0.378884	0.22342
0.374891	0.239011
0.370939	0.255116
0.367029	0.272307
0.36316	0.290656
0.359332	0.310241
0.355545	0.330402
0.351797	0.352666
0.348089	0.376429
0.34442	0.401794
0.340789	0.428869
0.337197	0.457767
0.333643	0.489713
0.330126	0.523888
0.326646	0.560448
0.323203	0.599559
0.319796	0.642844
0.316426	0.689253
0.31309	0.739013
0.30979	0.79415
0.306525	0.853399
0.303294	0.91707
0.300097	0.987709
0.296933	1
0.293804	1
0.290707	1
0.287642	1
0.284611	1
0.281611	1
0.278642	1
0.275705	1
0.272799	1
0.269923	1
0.267078	1
0.264263	1
0.261478	1
0.258721	1
0.255994	1
0.253296	1
0.250626	1
0.247984	1
0.24537	1
0.242784	1
0.240225	1
0.237693	1
0.235187	1
0.232708	1
0.230255	1
0.227828	1
0.225427	1
0.223051	1
0.2207	1
0.218373	1
0.216071	1
0.213794	1
0.21154	1
0.209311	1
0.207104	1
0.204921	1
0.202761	1
0.200624	1
0.198509	1
0.196417	1
0.194347	1
0.192298	1
0.190271	1
0.188265	1
0.186281	1
0.184317	1
0.182375	1
0.180452	1
0.17855	1
0.176668	1
0.174806	1
0.172963	1
0.17114	1
0.169336	1
0.167551	1
0.165785	1
0.164038	1
0.162309	1
0.160598	1
0.158905	1
0.15723	1
0.155573	1
0.153933	1
0.15231	1
0.150705	1
0.149116	1
0.147545	1
0.145989	1
0.144451	1
0.142928	1
0.141421	1
0.139931	1
0.138456	1
0.136996	1
0.135552	1
0.134123	1
0.13271	1
0.131311	1
0.129927	1
0.128557	1
0.127202	1
0.125861	1
0.124535	1
0.123222	1
0.121923	1
0.120638	1
0.119366	1
0.118108	1
0.116863	1
0.115631	1
0.114413	1
0.113207	1
0.112013	1
0.110833	1
0.109664	1
0.108508	1
0.107365	1
0.106233	1
0.105113	1
0.104005	1
0.102909	1
0.101824	1
0.100751	1
0.0996889	1
0.0986382	1
0.0975984	1
0.0965697	1
0.0955518	1
0.0945446	1
0.093548	1
0.092562	1
0.0915863	1
0.0906209	1
0.0896657	1
0.0887206	1
0.0877854	1
0.0868601	1
0.0859445	1
0.0850386	1
0.0841422	1
0.0832553	1
0.0823778	1
0.0815094	1
0.0806503	1
0.0798002	1
0.078959	1
0.0781267	1
0.0773032	1
0.0764884	1
0.0756821	1
0.0748844	1
0.0740951	1
0.0733141	1
0.0725413	1
0.0717766	1
0.0710201	1
0.0702715	1
0.0695308	1
0.0687979	1
0.0680727	1
0.0673551	1
0.0666452	1
0.0659427	1
0.0652476	1
0.0645599	1
0.0638794	1
0.063206	1
0.0625398	1
0.0618806	1
0.0612283	1
0.0605829	1
0.0599443	1
0.0593125	1
0.0586873	1
0.0580687	1
0.0574566	1
0.056851	1
0.0562517	1
0.0556588	1
0.0550721	1
0.0544916	1
0.0539172	1
0.0533489	1
0.0527866	1
0.0522302	1
0.0516796	1
0.0511349	1
0.0505959	1
0.0500626	1
0.0495349	1
0.0490127	1
0.0484961	1
0.0479849	1
0.0474791	1
0.0469787	1
0.0464835	1
0.0459935	1
0.0455087	1
0.045029	1
0.0445544	1
0.0440848	1
0.0436201	1
0.0431603	1
0.0427053	1
0.0422552	1
0.0418098	1
0.0413691	1
0.040933	1
0.0405016	1
0.0400747	1
0.0396522	1
0.0392343	1
0.0388207	1
0.0384115	1
0.0380066	1
0.037606	1
0.0372096	1
0.0368174	1
0.0364293	1
0.0360454	1
0.0356654	1
0.0352895	1
0.0349175	1
0.0345494	1
0.0341853	1
0.0338249	1
0.0334684	1
0.0331156	1
0.0327666	1
0.0324212	1
0.0320794	1
0.0317413	1
0.0314067	1
0.0310757	1
0.0307481	1
0.030424	1
0.0301033	1
0.029786	1
0.029472	1
0.0291614	1
0.028854	1
0.0285499	1
0.0282489	1
0.0279512	1
0.0276565	1
0.027365	1
0.0270766	1
0.0267912	1
0.0265088	1
0.0262293	1
0.0259529	1
0.0256793	1
0.0254086	1
0.0251408	1
0.0248758	1
0.0246136	1
0.0243542	1
0.0240974	1
0.0238434	1
0.0235921	1
0.0233434	1
0.0230974	1
0.0228539	1
0.022613	1
0.0223747	1
0.0221388	1
0.0219055	1
0.0216746	1
0.0214461	1
0.02122	1
0.0209964	1
0.0207751	1
0.0205561	1
0.0203394	1
0.020125	1
0.0199129	1
0.019703	1
0.0194953	1
0.0192898	1
0.0190865	1
0.0188853	1
0.0186862	1
0.0184893	1
0.0182944	1
0.0181015	1
0.0179107	1
0.0177219	1
0.0175351	1
0.0173503	1
0.0171674	1
0.0169865	1
0.0168074	1
0.0166303	1
0.016455	1
0.0162815	1
0.0161099	1
0.0159401	1
0.0157721	1
0.0156058	1
0.0154413	1
0.0152786	1
0.0151175	1
0.0149582	1
0.0148005	1
0.0146445	1
0.0144901	1
0.0143374	1
0.0141863	1
0.0140367	1
0.0138888	1
0.0137424	1
0.0135975	1
0.0134542	1
0.0133124	1
0.0131721	1
0.0130332	1
0.0128958	1
0.0127599	1
0.0126254	1
0.0124923	1
0.0123606	1
0.0122304	1
0.0121014	1
0.0119739	1
0.0118477	1
0.0117228	1
0.0115992	1
0.011477	1
0.011356	1
0.0112363	1
0.0111178	1
0.0110007	1
0.0108847	1
0.01077	1
0.0106564	1
0.0105441	1
0.010433	1
0.010323	1
0.0102142	1
0.0101065	1
0.01	1
0.01	0.000128784


