#Mass	Um	Events
0.106233	0.101472
0.107365	0.000418391
0.108508	0.00010079
0.109664	4.11857e-05
0.110833	2.13115e-05
0.112013	1.25921e-05
0.113207	8.10385e-06
0.114413	5.55429e-06
0.115631	3.98197e-06
0.116863	2.95932e-06
0.118108	2.25946e-06
0.119366	1.76831e-06
0.120638	1.40905e-06
0.121923	1.14059e-06
0.123222	9.35818e-07
0.124535	7.76492e-07
0.125861	6.53042e-07
0.127202	5.52937e-07
0.128557	4.72407e-07
0.129927	4.06337e-07
0.131311	3.51874e-07
0.13271	3.06772e-07
0.134123	2.68658e-07
0.135552	2.36339e-07
0.136996	2.08845e-07
0.138456	1.85382e-07
0.139931	1.65296e-07
0.141421	1.47718e-07
0.142928	1.32605e-07
0.144451	1.19305e-07
0.145989	1.07824e-07
0.147545	9.74472e-08
0.149116	8.84662e-08
0.150705	8.04937e-08
0.15231	7.34045e-08
0.153933	6.69397e-08
0.155573	6.13194e-08
0.15723	5.61709e-08
0.158905	5.15706e-08
0.160598	4.74536e-08
0.162309	4.37636e-08
0.164038	4.03605e-08
0.165785	3.73059e-08
0.167551	3.456e-08
0.169336	3.20163e-08
0.17114	2.97266e-08
0.172963	2.76006e-08
0.174806	2.56843e-08
0.176668	2.39011e-08
0.17855	2.22918e-08
0.180452	2.07908e-08
0.182375	1.94345e-08
0.184317	1.81668e-08
0.186281	1.69817e-08
0.188265	1.59096e-08
0.190271	1.49053e-08
0.192298	1.39957e-08
0.194347	1.31417e-08
0.196417	1.23676e-08
0.198509	1.16129e-08
0.200624	1.10524e-08
0.202761	1.04014e-08
0.204921	9.81068e-09
0.207104	9.25355e-09
0.209311	8.72806e-09
0.21154	8.25095e-09
0.213794	7.79991e-09
0.216071	7.37354e-09
0.218373	6.97046e-09
0.2207	6.60426e-09
0.223051	6.2573e-09
0.225427	5.94191e-09
0.227828	5.62974e-09
0.230255	5.34598e-09
0.232708	5.07652e-09
0.235187	4.82065e-09
0.237693	4.58798e-09
0.240225	4.36653e-09
0.242784	4.15578e-09
0.24537	3.9641e-09
0.247984	3.77277e-09
0.250626	3.59876e-09
0.253296	3.43277e-09
0.255994	3.28181e-09
0.258721	3.13749e-09
0.261478	2.99951e-09
0.264263	2.86761e-09
0.267078	2.7415e-09
0.269923	2.62684e-09
0.272799	2.51698e-09
0.275705	2.41713e-09
0.278642	2.31604e-09
0.281611	2.22918e-09
0.284611	2.14075e-09
0.287642	2.06046e-09
0.290707	1.98319e-09
0.293804	1.90881e-09
0.296933	1.84135e-09
0.300097	1.77628e-09
0.303294	1.71351e-09
0.306525	1.65668e-09
0.30979	1.60534e-09
0.31309	1.55559e-09
0.316426	1.50738e-09
0.319796	1.46395e-09
0.323203	1.42498e-09
0.326646	1.38704e-09
0.330126	1.35316e-09
0.333643	1.32307e-09
0.337197	1.29656e-09
0.340789	1.27059e-09
0.34442	1.25074e-09
0.348089	1.23398e-09
0.351797	1.22019e-09
0.355545	1.21471e-09
0.359332	1.21198e-09
0.36316	1.21744e-09
0.367029	1.23398e-09
0.370939	1.26488e-09
0.374891	1.31713e-09
0.378884	1.41222e-09
0.382921	1.60895e-09
0.387	2.40088e-09
0.391122	1.42458e-05
0.395289	1.35887e-05
0.3995	1.29838e-05
0.403756	1.2385e-05
0.408057	1.18337e-05
0.412404	1.12879e-05
0.416798	1.07854e-05
0.421238	1.03053e-05
0.425725	9.8466e-06
0.43026	9.40829e-06
0.434844	8.9895e-06
0.439476	8.58934e-06
0.444158	8.207e-06
0.44889	7.84168e-06
0.453672	7.50527e-06
0.458505	7.17118e-06
0.463389	6.85197e-06
0.468325	6.55802e-06
0.473315	6.2661e-06
0.478357	5.99728e-06
0.483453	5.73999e-06
0.488603	5.48448e-06
0.493808	5.2492e-06
0.499068	5.024e-06
0.504385	4.80847e-06
0.509758	4.60218e-06
0.515189	4.40475e-06
0.520677	4.21578e-06
0.526224	4.04173e-06
0.53183	3.86834e-06
0.537495	3.70238e-06
0.543221	3.54953e-06
0.549008	3.39725e-06
0.554857	3.25151e-06
0.560767	3.11727e-06
0.566741	2.98857e-06
0.572779	2.86036e-06
0.578881	2.74227e-06
0.585047	2.62906e-06
0.59128	2.52051e-06
0.597579	2.41645e-06
0.603945	2.31669e-06
0.610379	2.22105e-06
0.616881	2.12935e-06
0.623453	2.04144e-06
0.630094	1.95716e-06
0.636807	1.87952e-06
0.64359	1.80193e-06
0.650447	1.72753e-06
0.657376	1.65901e-06
0.664379	1.5932e-06
0.671456	1.52743e-06
0.678609	1.46684e-06
0.685839	1.40865e-06
0.693145	1.3505e-06
0.700529	1.29693e-06
0.707992	1.24548e-06
0.715534	1.19608e-06
0.723156	1.15057e-06
0.73086	1.10493e-06
0.738646	1.0611e-06
0.746515	1.01901e-06
0.754467	9.80241e-07
0.762505	9.41358e-07
0.770628	9.05543e-07
0.778837	8.69623e-07
0.787134	8.36537e-07
0.795519	8.0471e-07
0.803994	7.74094e-07
0.812559	7.44643e-07
0.821215	7.16313e-07
0.829964	6.8906e-07
0.838805	6.62844e-07
0.847741	6.38701e-07
0.856772	6.14401e-07
0.865899	5.92023e-07
0.875123	5.69499e-07
0.884446	5.48757e-07
0.893868	5.2877e-07
0.90339	5.09511e-07
0.913014	4.90953e-07
0.922741	4.73071e-07
0.932571	4.56611e-07
0.942505	4.3998e-07
0.952546	4.2467e-07
0.962693	4.09203e-07
0.972949	3.94964e-07
0.983313	3.81221e-07
0.993789	3.67956e-07
1.00438	3.55153e-07
1.01508	3.43373e-07
1.02589	3.31425e-07
1.03682	3.20433e-07
1.04786	3.09805e-07
1.05903	2.9953e-07
1.07031	2.89596e-07
1.08171	2.79991e-07
1.09323	2.71161e-07
1.10488	2.6261e-07
1.11665	2.54329e-07
1.12854	2.46309e-07
1.14057	2.38541e-07
1.15272	2.31409e-07
1.165	2.2449e-07
1.17741	2.17777e-07
1.18995	2.11266e-07
1.20263	2.05295e-07
1.21544	1.99156e-07
1.22839	1.93854e-07
1.24147	1.88375e-07
1.2547	1.8336e-07
1.26806	1.78479e-07
1.28157	1.74021e-07
1.29523	1.69388e-07
1.30902	1.65365e-07
1.32297	1.61461e-07
1.33706	1.5765e-07
1.35131	1.54144e-07
1.3657	1.50929e-07
1.38025	1.4778e-07
1.39495	1.44901e-07
1.40981	1.42078e-07
1.42483	1.39702e-07
1.44001	1.37366e-07
1.45535	1.35258e-07
1.47086	1.33371e-07
1.48653	1.31695e-07
1.50236	1.30405e-07
1.51837	1.29129e-07
1.53454	1.28225e-07
1.55089	1.27685e-07
1.56741	1.27327e-07
1.58411	1.27327e-07
1.60098	1.27685e-07
1.61804	1.28405e-07
1.63528	1.29674e-07
1.6527	1.3151e-07
1.6703	1.34123e-07
1.6881	1.37366e-07
1.70608	1.41878e-07
1.72425	1.4778e-07
1.74262	1.55668e-07
1.76119	1.66064e-07
1.77995	1.80675e-07
1.79891	2.02458e-07
1.81807	2.37638e-07
1.83744	3.07333e-07
1.85702	6.04211e-07
1.85702	5.54338e-06
1.83744	8.21162e-06
1.81807	9.76941e-06
1.79891	1.11429e-05
1.77995	1.24338e-05
1.76119	1.37346e-05
1.74262	1.50696e-05
1.72425	1.64231e-05
1.70608	1.78379e-05
1.6881	1.93093e-05
1.6703	2.08669e-05
1.6527	2.25122e-05
1.63528	2.42462e-05
1.61804	2.60698e-05
1.60098	2.79833e-05
1.58411	3.00373e-05
1.56741	3.22421e-05
1.55089	3.45503e-05
1.53454	3.69615e-05
1.51837	3.95408e-05
1.50236	4.23002e-05
1.48653	4.52522e-05
1.47086	4.84102e-05
1.45535	5.17012e-05
1.44001	5.53093e-05
1.42483	5.90694e-05
1.40981	6.30851e-05
1.39495	6.73738e-05
1.38025	7.19541e-05
1.3657	7.68458e-05
1.35131	8.207e-05
1.33706	8.76494e-05
1.32297	9.36081e-05
1.30902	9.99719e-05
1.29523	0.000106858
1.28157	0.000114059
1.26806	0.000121744
1.2547	0.000130241
1.24147	0.000139017
1.22839	0.000148718
1.21544	0.000158739
1.20263	0.000169817
1.18995	0.000181668
1.17741	0.000194345
1.165	0.000207908
1.15272	0.000222417
1.14057	0.000237939
1.12854	0.000254543
1.11665	0.000272307
1.10488	0.000291966
1.09323	0.000312341
1.08171	0.000334138
1.07031	0.000358261
1.05903	0.000383262
1.04786	0.000410932
1.03682	0.000439609
1.02589	0.000471346
1.01508	0.000504239
1.00438	0.000539428
0.993789	0.000578372
0.983313	0.000620127
0.972949	0.000663403
0.962693	0.000711297
0.952546	0.000762648
0.942505	0.000819548
0.932571	0.000878714
0.922741	0.000944273
0.913014	0.00101472
0.90339	0.00109288
0.893868	0.00117972
0.884446	0.00127919
0.875123	0.00139017
0.865899	0.00147386
0.856772	0.0015626
0.847741	0.00165296
0.838805	0.00175248
0.829964	0.00185799
0.821215	0.00196985
0.812559	0.00208376
0.803994	0.00220425
0.795519	0.00233697
0.787134	0.0024721
0.778837	0.00260918
0.770628	0.00276006
0.762505	0.00291966
0.754467	0.00308155
0.746515	0.00325974
0.738646	0.00344824
0.73086	0.00363944
0.723156	0.0038499
0.715534	0.00406337
0.707992	0.00428869
0.700529	0.00453668
0.693145	0.00478824
0.685839	0.00506512
0.678609	0.00534598
0.671456	0.00564241
0.664379	0.00595528
0.657376	0.00629965
0.650447	0.00664896
0.64359	0.00701765
0.636807	0.00740677
0.630094	0.00781747
0.623453	0.00826952
0.616881	0.00872806
0.610379	0.00921203
0.603945	0.00972284
0.597579	0.010262
0.59128	0.010831
0.585047	0.0114316
0.578881	0.0120654
0.572779	0.0127345
0.566741	0.0134104
0.560767	0.014154
0.554857	0.0149388
0.549008	0.0157672
0.543221	0.0166415
0.537495	0.0175248
0.53183	0.0184965
0.526224	0.0195221
0.520677	0.0206046
0.515189	0.0217471
0.509758	0.022953
0.504385	0.0242258
0.499068	0.0255691
0.493808	0.0269869
0.488603	0.0284833
0.483453	0.0301303
0.478357	0.031801
0.473315	0.0335644
0.468325	0.0354255
0.463389	0.037474
0.458505	0.039552
0.453672	0.0418391
0.44889	0.0442584
0.444158	0.0467126
0.439476	0.0494137
0.434844	0.0522711
0.43026	0.0552937
0.425725	0.0584911
0.421238	0.0618734
0.416798	0.0654513
0.412404	0.0693919
0.408057	0.0734045
0.403756	0.077824
0.3995	0.0823242
0.395289	0.0872806
0.391122	0.0925355
0.387	0.212636
0.382921	0.232125
0.378884	0.248883
0.374891	0.266252
0.370939	0.283555
0.367029	0.302661
0.36316	0.32233
0.359332	0.34405
0.355545	0.366408
0.351797	0.390219
0.348089	0.416513
0.34442	0.444579
0.340789	0.473471
0.337197	0.506512
0.333643	0.540642
0.330126	0.577073
0.326646	0.617344
0.323203	0.660426
0.319796	0.706515
0.316426	0.757521
0.31309	0.812209
0.30979	0.870846
0.306525	0.935818
0.303294	1
0.300097	1
0.296933	1
0.293804	1
0.290707	1
0.287642	1
0.284611	1
0.281611	1
0.278642	1
0.275705	1
0.272799	1
0.269923	1
0.267078	1
0.264263	1
0.261478	1
0.258721	1
0.255994	1
0.253296	1
0.250626	1
0.247984	1
0.24537	1
0.242784	1
0.240225	1
0.237693	1
0.235187	1
0.232708	1
0.230255	1
0.227828	1
0.225427	1
0.223051	1
0.2207	1
0.218373	1
0.216071	1
0.213794	1
0.21154	1
0.209311	1
0.207104	1
0.204921	1
0.202761	1
0.200624	1
0.198509	1
0.196417	1
0.194347	1
0.192298	1
0.190271	1
0.188265	1
0.186281	1
0.184317	1
0.182375	1
0.180452	1
0.17855	1
0.176668	1
0.174806	1
0.172963	1
0.17114	1
0.169336	1
0.167551	1
0.165785	1
0.164038	1
0.162309	1
0.160598	1
0.158905	1
0.15723	1
0.155573	1
0.153933	1
0.15231	1
0.150705	1
0.149116	1
0.147545	1
0.145989	1
0.144451	1
0.142928	1
0.141421	1
0.139931	1
0.138456	1
0.136996	1
0.135552	1
0.134123	1
0.13271	1
0.131311	1
0.129927	1
0.128557	1
0.127202	1
0.125861	1
0.124535	1
0.123222	1
0.121923	1
0.120638	1
0.119366	1
0.118108	1
0.116863	1
0.115631	1
0.114413	1
0.113207	1
0.112013	1
0.110833	1
0.109664	1
0.108508	1
0.107365	1
0.106233	1
0.106233	0.101472


