#Mass	Um	Events
0.01	0.000157672
0.0101065	0.000153129
0.0102142	0.000148384
0.010323	0.000143785
0.010433	0.000139329
0.0105441	0.000135012
0.0106564	0.000130828
0.01077	0.000126773
0.0108847	0.000122844
0.0110007	0.000119305
0.0111178	0.000115608
0.0112363	0.000112025
0.011356	0.000108554
0.011477	0.00010519
0.0115992	0.00010193
0.0117228	9.89932e-05
0.0118477	9.59254e-05
0.0119739	9.29526e-05
0.0121014	9.0072e-05
0.0122304	8.72806e-05
0.0123606	8.47662e-05
0.0124923	8.21393e-05
0.0126254	7.95937e-05
0.0127599	7.71271e-05
0.0128958	7.49052e-05
0.0130332	7.25838e-05
0.0131721	7.03344e-05
0.0133124	6.83082e-05
0.0134542	6.61913e-05
0.0135975	6.414e-05
0.0137424	6.22922e-05
0.0138888	6.03617e-05
0.0140367	5.84911e-05
0.0141863	5.6806e-05
0.0143374	5.50456e-05
0.0144901	5.34598e-05
0.0146445	5.18031e-05
0.0148005	5.01977e-05
0.0149582	4.87515e-05
0.0151175	4.72407e-05
0.0152786	4.58798e-05
0.0154413	4.44579e-05
0.0156058	4.31771e-05
0.0157721	4.18391e-05
0.0159401	4.06337e-05
0.0161099	3.94631e-05
0.0162815	3.82401e-05
0.016455	3.71385e-05
0.0166303	3.59876e-05
0.0168074	3.49508e-05
0.0169865	3.39439e-05
0.0171674	3.2892e-05
0.0173503	3.19444e-05
0.0175351	3.10241e-05
0.0177219	3.01303e-05
0.0179107	2.91966e-05
0.0181015	2.83555e-05
0.0182944	2.75386e-05
0.0184893	2.67452e-05
0.0186862	2.59747e-05
0.0188853	2.52264e-05
0.0190865	2.44997e-05
0.0192898	2.37939e-05
0.0194953	2.31084e-05
0.019703	2.24427e-05
0.0199129	2.17961e-05
0.020125	2.12158e-05
0.0203394	2.06046e-05
0.0205561	2.0011e-05
0.0207751	1.94345e-05
0.0209964	1.89171e-05
0.02122	1.83722e-05
0.0214461	1.7883e-05
0.0216746	1.73679e-05
0.0219055	1.69055e-05
0.0221388	1.64554e-05
0.0223747	1.59813e-05
0.022613	1.55559e-05
0.0228539	1.51417e-05
0.0230974	1.47386e-05
0.0233434	1.43462e-05
0.0235921	1.39643e-05
0.0238434	1.36231e-05
0.0240974	1.32605e-05
0.0243542	1.29365e-05
0.0246136	1.25921e-05
0.0248758	1.22844e-05
0.0251408	1.19843e-05
0.0254086	1.16915e-05
0.0256793	1.14059e-05
0.0259529	1.11272e-05
0.0262293	1.08798e-05
0.0265088	1.06379e-05
0.0267912	1.04014e-05
0.0270766	1.01701e-05
0.027365	9.94394e-06
0.0276565	9.74472e-06
0.0279512	9.5495e-06
0.0282489	9.35818e-06
0.0285499	9.19134e-06
0.028854	9.02748e-06
0.0291614	8.88649e-06
0.029472	8.76741e-06
0.029786	8.64991e-06
0.0301033	8.53399e-06
0.030424	8.45758e-06
0.0307481	8.40072e-06
0.0310757	8.36302e-06
0.0314067	8.36302e-06
0.0317413	8.40072e-06
0.0320794	8.51483e-06
0.0324212	8.6889e-06
0.0327666	9.0072e-06
0.0331156	9.57099e-06
0.0334684	1.07099e-05
0.0338249	1.521e-05
0.0341853	3.93745e-05
0.0345494	3.81543e-05
0.0349175	3.69718e-05
0.0352895	3.58261e-05
0.0356654	3.47158e-05
0.0360454	3.364e-05
0.0364293	3.25242e-05
0.0368174	3.15163e-05
0.0372096	3.05396e-05
0.037606	2.95932e-05
0.0380066	2.86761e-05
0.0384115	2.77874e-05
0.0388207	2.68658e-05
0.0392343	2.60332e-05
0.0396522	2.52264e-05
0.0400747	2.44446e-05
0.0405016	2.36871e-05
0.040933	2.2953e-05
0.0413691	2.21917e-05
0.0418098	2.1504e-05
0.0422552	2.08376e-05
0.0427053	2.01918e-05
0.0431603	1.95661e-05
0.0436201	1.89597e-05
0.0440848	1.83309e-05
0.0445544	1.77628e-05
0.045029	1.72123e-05
0.0455087	1.66789e-05
0.0459935	1.6162e-05
0.0464835	1.5626e-05
0.0469787	1.51417e-05
0.0474791	1.46725e-05
0.0479849	1.42178e-05
0.0484961	1.37772e-05
0.0490127	1.33202e-05
0.0495349	1.29074e-05
0.0500626	1.25074e-05
0.0505959	1.21198e-05
0.0511349	1.17442e-05
0.0516796	1.13547e-05
0.0522302	1.10028e-05
0.0527866	1.06618e-05
0.0533489	1.03314e-05
0.0539172	9.98876e-06
0.0544916	9.67921e-06
0.0550721	9.37925e-06
0.0556588	9.08858e-06
0.0562517	8.80692e-06
0.056851	8.51483e-06
0.0574566	8.25095e-06
0.0580687	7.99525e-06
0.0586873	7.74747e-06
0.0593125	7.49052e-06
0.0599443	7.25838e-06
0.0605829	7.03344e-06
0.0612283	6.80017e-06
0.0618806	6.58943e-06
0.0625398	6.38522e-06
0.063206	6.18734e-06
0.0638794	5.98212e-06
0.0645599	5.79674e-06
0.0652476	5.61709e-06
0.0659427	5.43079e-06
0.0666452	5.26249e-06
0.0673551	5.09941e-06
0.0680727	4.93027e-06
0.0687979	4.77748e-06
0.0695308	4.62943e-06
0.0702715	4.47588e-06
0.0710201	4.33718e-06
0.0717766	4.20277e-06
0.0725413	4.06337e-06
0.0733141	3.93745e-06
0.0740951	3.81543e-06
0.0748844	3.68888e-06
0.0756821	3.57456e-06
0.0764884	3.456e-06
0.0773032	3.3489e-06
0.0781267	3.24512e-06
0.078959	3.13749e-06
0.0798002	3.04026e-06
0.0806503	2.93942e-06
0.0815094	2.84833e-06
0.0823778	2.76006e-06
0.0832553	2.66851e-06
0.0841422	2.58582e-06
0.0850386	2.50005e-06
0.0859445	2.42258e-06
0.0868601	2.34223e-06
0.0877854	2.26964e-06
0.0887206	2.19436e-06
0.0896657	2.12636e-06
0.0906209	2.05584e-06
0.0915863	1.99212e-06
0.092562	1.92605e-06
0.093548	1.86636e-06
0.0945446	1.80446e-06
0.0955518	1.74854e-06
0.0965697	1.69055e-06
0.0975984	1.63816e-06
0.0986382	1.58382e-06
0.0996889	1.53474e-06
0.100751	1.48384e-06
0.101824	1.43462e-06
0.102909	1.39017e-06
0.104005	1.34406e-06
0.105113	1.30241e-06
0.106233	1.25921e-06
0.107365	1.22019e-06
0.108508	1.17972e-06
0.109664	1.14059e-06
0.110833	1.10524e-06
0.112013	1.06858e-06
0.113207	1.03547e-06
0.114413	1.00112e-06
0.115631	9.67921e-07
0.116863	9.37925e-07
0.118108	9.06817e-07
0.119366	8.76741e-07
0.120638	8.4957e-07
0.121923	8.21393e-07
0.123222	7.9415e-07
0.124535	7.69539e-07
0.125861	7.44016e-07
0.127202	7.19339e-07
0.128557	6.97046e-07
0.129927	6.73928e-07
0.131311	6.51576e-07
0.13271	6.31383e-07
0.134123	6.10442e-07
0.135552	5.90196e-07
0.136996	5.70621e-07
0.138456	5.52937e-07
0.139931	5.34598e-07
0.141421	5.16867e-07
0.142928	4.99724e-07
0.144451	4.8315e-07
0.145989	4.68177e-07
0.147545	4.52649e-07
0.149116	4.37636e-07
0.150705	4.23121e-07
0.15231	4.10009e-07
0.153933	3.9641e-07
0.155573	3.83262e-07
0.15723	3.70551e-07
0.158905	3.58261e-07
0.160598	3.47158e-07
0.162309	3.35644e-07
0.164038	3.24512e-07
0.165785	3.13749e-07
0.167551	3.03343e-07
0.169336	2.93282e-07
0.17114	2.84193e-07
0.172963	2.74767e-07
0.174806	2.65654e-07
0.176668	2.56843e-07
0.17855	2.48324e-07
0.180452	2.40629e-07
0.182375	2.32648e-07
0.184317	2.24932e-07
0.186281	2.17471e-07
0.188265	2.10259e-07
0.190271	2.03743e-07
0.192298	1.96985e-07
0.194347	1.90452e-07
0.196417	1.84135e-07
0.198509	1.78429e-07
0.200624	1.74854e-07
0.202761	1.69055e-07
0.204921	1.63448e-07
0.207104	1.58027e-07
0.209311	1.53129e-07
0.21154	1.48051e-07
0.213794	1.4314e-07
0.216071	1.38704e-07
0.218373	1.34104e-07
0.2207	1.29656e-07
0.223051	1.25638e-07
0.225427	1.21471e-07
0.227828	1.17707e-07
0.230255	1.13803e-07
0.232708	1.10276e-07
0.235187	1.06618e-07
0.237693	1.03314e-07
0.240225	1.00112e-07
0.242784	9.67921e-08
0.24537	9.37925e-08
0.247984	9.08858e-08
0.250626	8.80692e-08
0.253296	8.53399e-08
0.255994	8.26952e-08
0.258721	8.01325e-08
0.261478	7.76492e-08
0.264263	7.52428e-08
0.267078	7.2911e-08
0.269923	7.08105e-08
0.272799	6.86161e-08
0.275705	6.66393e-08
0.278642	6.45741e-08
0.281611	6.27138e-08
0.284611	6.09071e-08
0.287642	5.91524e-08
0.290707	5.74483e-08
0.293804	5.59189e-08
0.296933	5.43537e-08
0.300097	5.28176e-08
0.303294	5.14114e-08
0.306525	5.00427e-08
0.30979	4.87927e-08
0.31309	4.75738e-08
0.316426	4.63855e-08
0.319796	4.52268e-08
0.323203	4.41714e-08
0.326646	4.32136e-08
0.330126	4.22765e-08
0.333643	4.13597e-08
0.337197	4.05311e-08
0.340789	3.97861e-08
0.34442	3.91208e-08
0.348089	3.85315e-08
0.351797	3.80151e-08
0.355545	3.7569e-08
0.359332	3.73164e-08
0.36316	3.71907e-08
0.367029	3.72535e-08
0.370939	3.76324e-08
0.374891	3.84665e-08
0.378884	4.02586e-08
0.382921	4.4246e-08
0.387	6.19952e-08
0.391122	0.00151099
0.395289	0.00147283
0.3995	0.00143563
0.403756	0.00140213
0.408057	0.00136673
0.412404	0.00133221
0.416798	0.00130112
0.421238	0.00127076
0.425725	0.00123867
0.43026	0.00120977
0.434844	0.00118154
0.439476	0.00115397
0.444158	0.00112926
0.44889	0.00110291
0.453672	0.0010793
0.458505	0.00105412
0.463389	0.00103144
0.468325	0.00101013
0.473315	0.000990002
0.478357	0.000968533
0.483453	0.000949263
0.488603	0.000932077
0.493808	0.000913532
0.499068	0.000896994
0.504385	0.000880754
0.509758	0.00086639
0.515189	0.000852261
0.520677	0.000838362
0.526224	0.000826197
0.53183	0.000815698
0.537495	0.000805333
0.543221	0.000796553
0.549008	0.000789309
0.554857	0.000783562
0.560767	0.000779279
0.566741	0.000777857
0.572779	0.000779279
0.578881	0.000783562
0.585047	0.000793648
0.59128	0.000814209
0.597579	0.000852261
0.597579	0.00128676
0.59128	0.00147511
0.585047	0.00165435
0.578881	0.0018367
0.572779	0.00202544
0.566741	0.00221855
0.560767	0.00242598
0.554857	0.00264388
0.549008	0.00287164
0.543221	0.00311377
0.537495	0.00337631
0.53183	0.00365482
0.526224	0.00394299
0.520677	0.00426105
0.515189	0.00459701
0.509758	0.00495111
0.504385	0.00533247
0.499068	0.00574322
0.493808	0.00617518
0.488603	0.00663963
0.483453	0.00713901
0.478357	0.00766301
0.473315	0.00823936
0.468325	0.00884041
0.463389	0.0094973
0.458505	0.010193
0.453672	0.0109288
0.44889	0.0117442
0.444158	0.0125921
0.439476	0.0135012
0.434844	0.0144759
0.43026	0.0155559
0.425725	0.0166789
0.421238	0.017883
0.416798	0.0191741
0.412404	0.0206046
0.408057	0.0220922
0.403756	0.0236871
0.3995	0.0254543
0.395289	0.027292
0.391122	0.0293282
0.387	0.167918
0.382921	0.183722
0.378884	0.196985
0.374891	0.210732
0.370939	0.224427
0.367029	0.239549
0.36316	0.255691
0.359332	0.272307
0.355545	0.290656
0.351797	0.309544
0.348089	0.330402
0.34442	0.352666
0.340789	0.376429
0.337197	0.402699
0.333643	0.429834
0.330126	0.45983
0.326646	0.493027
0.323203	0.527434
0.319796	0.565511
0.316426	0.606338
0.31309	0.650112
0.30979	0.698616
0.306525	0.750738
0.303294	0.808565
0.300097	0.870846
0.296933	0.940036
0.293804	1
0.290707	1
0.287642	1
0.284611	1
0.281611	1
0.278642	1
0.275705	1
0.272799	1
0.269923	1
0.267078	1
0.264263	1
0.261478	1
0.258721	1
0.255994	1
0.253296	1
0.250626	1
0.247984	1
0.24537	1
0.242784	1
0.240225	1
0.237693	1
0.235187	1
0.232708	1
0.230255	1
0.227828	1
0.225427	1
0.223051	1
0.2207	1
0.218373	1
0.216071	1
0.213794	1
0.21154	1
0.209311	1
0.207104	1
0.204921	1
0.202761	1
0.200624	1
0.198509	1
0.196417	1
0.194347	1
0.192298	1
0.190271	1
0.188265	1
0.186281	1
0.184317	1
0.182375	1
0.180452	1
0.17855	1
0.176668	1
0.174806	1
0.172963	1
0.17114	1
0.169336	1
0.167551	1
0.165785	1
0.164038	1
0.162309	1
0.160598	1
0.158905	1
0.15723	1
0.155573	1
0.153933	1
0.15231	1
0.150705	1
0.149116	1
0.147545	1
0.145989	1
0.144451	1
0.142928	1
0.141421	1
0.139931	1
0.138456	1
0.136996	1
0.135552	1
0.134123	1
0.13271	1
0.131311	1
0.129927	1
0.128557	1
0.127202	1
0.125861	1
0.124535	1
0.123222	1
0.121923	1
0.120638	1
0.119366	1
0.118108	1
0.116863	1
0.115631	1
0.114413	1
0.113207	1
0.112013	1
0.110833	1
0.109664	1
0.108508	1
0.107365	1
0.106233	1
0.105113	1
0.104005	1
0.102909	1
0.101824	1
0.100751	1
0.0996889	1
0.0986382	1
0.0975984	1
0.0965697	1
0.0955518	1
0.0945446	1
0.093548	1
0.092562	1
0.0915863	1
0.0906209	1
0.0896657	1
0.0887206	1
0.0877854	1
0.0868601	1
0.0859445	1
0.0850386	1
0.0841422	1
0.0832553	1
0.0823778	1
0.0815094	1
0.0806503	1
0.0798002	1
0.078959	1
0.0781267	1
0.0773032	1
0.0764884	1
0.0756821	1
0.0748844	1
0.0740951	1
0.0733141	1
0.0725413	1
0.0717766	1
0.0710201	1
0.0702715	1
0.0695308	1
0.0687979	1
0.0680727	1
0.0673551	1
0.0666452	1
0.0659427	1
0.0652476	1
0.0645599	1
0.0638794	1
0.063206	1
0.0625398	1
0.0618806	1
0.0612283	1
0.0605829	1
0.0599443	1
0.0593125	1
0.0586873	1
0.0580687	1
0.0574566	1
0.056851	1
0.0562517	1
0.0556588	1
0.0550721	1
0.0544916	1
0.0539172	1
0.0533489	1
0.0527866	1
0.0522302	1
0.0516796	1
0.0511349	1
0.0505959	1
0.0500626	1
0.0495349	1
0.0490127	1
0.0484961	1
0.0479849	1
0.0474791	1
0.0469787	1
0.0464835	1
0.0459935	1
0.0455087	1
0.045029	1
0.0445544	1
0.0440848	1
0.0436201	1
0.0431603	1
0.0427053	1
0.0422552	1
0.0418098	1
0.0413691	1
0.040933	1
0.0405016	1
0.0400747	1
0.0396522	1
0.0392343	1
0.0388207	1
0.0384115	1
0.0380066	1
0.037606	1
0.0372096	1
0.0368174	1
0.0364293	1
0.0360454	1
0.0356654	1
0.0352895	1
0.0349175	1
0.0345494	1
0.0341853	1
0.0338249	1
0.0334684	1
0.0331156	1
0.0327666	1
0.0324212	1
0.0320794	1
0.0317413	1
0.0314067	1
0.0310757	1
0.0307481	1
0.030424	1
0.0301033	1
0.029786	1
0.029472	1
0.0291614	1
0.028854	1
0.0285499	1
0.0282489	1
0.0279512	1
0.0276565	1
0.027365	1
0.0270766	1
0.0267912	1
0.0265088	1
0.0262293	1
0.0259529	1
0.0256793	1
0.0254086	1
0.0251408	1
0.0248758	1
0.0246136	1
0.0243542	1
0.0240974	1
0.0238434	1
0.0235921	1
0.0233434	1
0.0230974	1
0.0228539	1
0.022613	1
0.0223747	1
0.0221388	1
0.0219055	1
0.0216746	1
0.0214461	1
0.02122	1
0.0209964	1
0.0207751	1
0.0205561	1
0.0203394	1
0.020125	1
0.0199129	1
0.019703	1
0.0194953	1
0.0192898	1
0.0190865	1
0.0188853	1
0.0186862	1
0.0184893	1
0.0182944	1
0.0181015	1
0.0179107	1
0.0177219	1
0.0175351	1
0.0173503	1
0.0171674	1
0.0169865	1
0.0168074	1
0.0166303	1
0.016455	1
0.0162815	1
0.0161099	1
0.0159401	1
0.0157721	1
0.0156058	1
0.0154413	1
0.0152786	1
0.0151175	1
0.0149582	1
0.0148005	1
0.0146445	1
0.0144901	1
0.0143374	1
0.0141863	1
0.0140367	1
0.0138888	1
0.0137424	1
0.0135975	1
0.0134542	1
0.0133124	1
0.0131721	1
0.0130332	1
0.0128958	1
0.0127599	1
0.0126254	1
0.0124923	1
0.0123606	1
0.0122304	1
0.0121014	1
0.0119739	1
0.0118477	1
0.0117228	1
0.0115992	1
0.011477	1
0.011356	1
0.0112363	1
0.0111178	1
0.0110007	1
0.0108847	1
0.01077	1
0.0106564	1
0.0105441	1
0.010433	1
0.010323	1
0.0102142	1
0.0101065	1
0.01	1
0.01	0.000157672


