#Mass	Um	Events
0.21154	0.00164924
0.213794	2.42258e-05
0.216071	7.73007e-06
0.218373	3.85856e-06
0.2207	2.33697e-06
0.223051	1.57318e-06
0.225427	1.14059e-06
0.227828	8.63048e-07
0.230255	6.75445e-07
0.232708	5.44302e-07
0.235187	4.48596e-07
0.237693	3.75584e-07
0.240225	3.20163e-07
0.242784	2.74767e-07
0.24537	2.40088e-07
0.247984	2.09786e-07
0.250626	1.85799e-07
0.253296	1.65296e-07
0.255994	1.48384e-07
0.258721	1.33202e-07
0.261478	1.20654e-07
0.264263	1.09534e-07
0.267078	1.00338e-07
0.269923	9.1707e-08
0.272799	8.43858e-08
0.275705	7.83507e-08
0.278642	7.22581e-08
0.281611	6.70904e-08
0.284611	6.22922e-08
0.287642	5.82286e-08
0.290707	5.47986e-08
0.293804	5.12239e-08
0.296933	4.822e-08
0.300097	4.54562e-08
0.303294	4.27064e-08
0.306525	4.04628e-08
0.30979	3.82079e-08
0.31309	3.64456e-08
0.316426	3.47646e-08
0.319796	3.30495e-08
0.323203	3.1472e-08
0.326646	3.03257e-08
0.330126	2.90737e-08
0.333643	2.78734e-08
0.337197	2.69035e-08
0.340789	2.60112e-08
0.34442	2.51062e-08
0.348089	2.44378e-08
0.351797	2.37872e-08
0.355545	2.32713e-08
0.359332	2.27667e-08
0.36316	2.24616e-08
0.367029	2.23482e-08
0.370939	2.24237e-08
0.374891	2.269e-08
0.378884	2.37071e-08
0.382921	2.60991e-08
0.387	3.66923e-08
0.391122	0.000653501
0.395289	0.000628285
0.3995	0.000601669
0.403756	0.000579592
0.408057	0.000557228
0.412404	0.000534673
0.416798	0.000512023
0.421238	0.000492266
0.425725	0.000473271
0.43026	0.000455009
0.434844	0.000437452
0.439476	0.000420572
0.444158	0.00040514
0.44889	0.000389507
0.453672	0.000375215
0.458505	0.000362872
0.463389	0.000349557
0.468325	0.000336731
0.473315	0.000325014
0.478357	0.000314323
0.483453	0.000303385
0.488603	0.000293406
0.493808	0.000283196
0.499068	0.00027388
0.504385	0.000264704
0.509758	0.000256609
0.515189	0.000250128
0.520677	0.000242036
0.526224	0.000235493
0.53183	0.000228709
0.537495	0.000221715
0.543221	0.000216116
0.549008	0.000209124
0.554857	0.000203099
0.560767	0.000198332
0.566741	0.000192619
0.572779	0.000187754
0.578881	0.000182013
0.585047	0.000178717
0.59128	0.000173886
0.597579	0.000169185
0.603945	0.000164612
0.610379	0.000160162
0.616881	0.000155548
0.623453	0.000151067
0.630094	0.000147252
0.636807	0.000142748
0.64359	0.000138636
0.650447	0.000135135
0.657376	0.000131482
0.664379	0.000128161
0.671456	0.000124697
0.678609	0.000121548
0.685839	0.000118262
0.693145	0.000115486
0.700529	0.00011257
0.707992	0.000109727
0.715534	0.000107152
0.723156	0.000104637
0.73086	0.000102555
0.738646	9.99157e-05
0.746515	9.7914e-05
0.754467	9.59524e-05
0.762505	9.37134e-05
0.770628	9.21462e-05
0.778837	9.03002e-05
0.787134	8.879e-05
0.795519	8.71581e-05
0.803994	8.54119e-05
0.812559	8.42673e-05
0.821215	8.35597e-05
0.829964	8.24399e-05
0.838805	8.14724e-05
0.847741	8.14724e-05
0.856772	8.06522e-05
0.865899	8.06522e-05
0.875123	8.09247e-05
0.884446	8.3138e-05
0.893868	8.70112e-05
0.90339	9.21462e-05
0.90339	0.000177628
0.893868	0.000210732
0.884446	0.000249444
0.875123	0.000289352
0.865899	0.000317296
0.856772	0.00034794
0.847741	0.000378126
0.838805	0.000413713
0.829964	0.000449606
0.821215	0.000487515
0.812559	0.000528621
0.803994	0.000570621
0.795519	0.000613194
0.787134	0.000661913
0.778837	0.000712898
0.770628	0.000764365
0.762505	0.000821393
0.754467	0.000880692
0.746515	0.000944273
0.738646	0.00101244
0.73086	0.0010834
0.723156	0.00115901
0.715534	0.00123989
0.707992	0.00132642
0.700529	0.00141898
0.693145	0.0015129
0.685839	0.00161848
0.678609	0.00172269
0.671456	0.0018398
0.664379	0.00196156
0.657376	0.00209139
0.650447	0.0022298
0.64359	0.00237738
0.636807	0.00253045
0.630094	0.00268884
0.623453	0.0028668
0.616881	0.00305139
0.610379	0.00324786
0.603945	0.00345698
0.597579	0.00368577
0.59128	0.00392309
0.585047	0.00417568
0.578881	0.00445956
0.572779	0.0047387
0.566741	0.00505232
0.560767	0.00535952
0.554857	0.00571423
0.549008	0.00607191
0.543221	0.00645197
0.537495	0.00686739
0.53183	0.00729725
0.526224	0.00775401
0.520677	0.00825327
0.515189	0.00875509
0.509758	0.00931881
0.504385	0.00991882
0.499068	0.010519
0.493808	0.0111523
0.488603	0.0118237
0.483453	0.0125356
0.478357	0.0132903
0.473315	0.0140905
0.468325	0.0149388
0.463389	0.0158382
0.458505	0.0167918
0.453672	0.0178028
0.44889	0.0189171
0.444158	0.0200561
0.439476	0.0212636
0.434844	0.0225438
0.43026	0.0239549
0.425725	0.0253972
0.421238	0.0269869
0.416798	0.0286761
0.412404	0.0304026
0.408057	0.0323056
0.403756	0.0343277
0.3995	0.0364764
0.395289	0.0388468
0.391122	0.0413713
0.387	0.180041
0.382921	0.196543
0.378884	0.210732
0.374891	0.224932
0.370939	0.239549
0.367029	0.255116
0.36316	0.271695
0.359332	0.290003
0.355545	0.308849
0.351797	0.32892
0.348089	0.350295
0.34442	0.373899
0.340789	0.398197
0.337197	0.425028
0.333643	0.453668
0.330126	0.485328
0.326646	0.518031
0.323203	0.554182
0.319796	0.592856
0.316426	0.634229
0.31309	0.680017
0.30979	0.72911
0.306525	0.781747
0.303294	0.840072
0.300097	0.902748
0.296933	0.972284
0.293804	1
0.290707	1
0.287642	1
0.284611	1
0.281611	1
0.278642	1
0.275705	1
0.272799	1
0.269923	1
0.267078	1
0.264263	1
0.261478	1
0.258721	1
0.255994	1
0.253296	1
0.250626	1
0.247984	1
0.24537	1
0.242784	1
0.240225	1
0.237693	1
0.235187	1
0.232708	1
0.230255	1
0.227828	1
0.225427	1
0.223051	1
0.2207	1
0.218373	1
0.216071	1
0.213794	1
0.21154	1
0.21154	0.00164924


