#Mass	Ue	Um	Events
0.21154	0.000227475
0.213794	3.34138e-06
0.216071	1.0614e-06
0.218373	5.28621e-07
0.2207	3.18726e-07
0.223051	2.14075e-07
0.225427	1.54166e-07
0.227828	1.16391e-07
0.230255	9.08858e-08
0.232708	7.30751e-08
0.235187	5.99559e-08
0.237693	4.99724e-08
0.240225	4.23121e-08
0.242784	3.63127e-08
0.24537	3.14455e-08
0.247984	2.74767e-08
0.250626	2.41713e-08
0.253296	2.14075e-08
0.255994	1.90881e-08
0.258721	1.71207e-08
0.261478	1.5447e-08
0.264263	1.39604e-08
0.267078	1.27023e-08
0.269923	1.15771e-08
0.272799	1.0605e-08
0.275705	9.74472e-09
0.278642	8.96678e-09
0.281611	8.28814e-09
0.284611	7.6781e-09
0.287642	7.12898e-09
0.290707	6.63403e-09
0.293804	6.18734e-09
0.296933	5.78372e-09
0.300097	5.4186e-09
0.303294	5.09941e-09
0.306525	4.78824e-09
0.30979	4.51632e-09
0.31309	4.26944e-09
0.316426	4.03605e-09
0.319796	3.83262e-09
0.323203	3.63944e-09
0.326646	3.46378e-09
0.330126	3.30402e-09
0.333643	3.15872e-09
0.337197	3.02661e-09
0.340789	2.90656e-09
0.34442	2.79755e-09
0.348089	2.70476e-09
0.351797	2.61505e-09
0.355545	2.54543e-09
0.359332	2.48324e-09
0.36316	2.43897e-09
0.367029	2.40629e-09
0.370939	2.40088e-09
0.374891	2.42803e-09
0.378884	2.51698e-09
0.382921	2.75386e-09
0.387	3.85856e-09
0.391122	2.80937e-07
0.395289	2.68431e-07
0.3995	2.56482e-07
0.403756	2.49654e-07
0.408057	2.38541e-07
0.412404	2.28308e-07
0.416798	2.18145e-07
0.421238	2.08786e-07
0.425725	1.99829e-07
0.43026	1.91257e-07
0.434844	1.8336e-07
0.439476	1.75494e-07
0.444158	1.68249e-07
0.44889	1.61303e-07
0.453672	1.54643e-07
0.458505	1.48259e-07
0.463389	1.42378e-07
0.468325	1.365e-07
0.473315	1.31085e-07
0.478357	1.25885e-07
0.483453	1.20892e-07
0.488603	1.16097e-07
0.493808	3.36683e-05
0.499068	3.23874e-05
0.504385	3.11027e-05
0.509758	2.99193e-05
0.515189	2.88296e-05
0.520677	2.77328e-05
0.526224	2.66776e-05
0.53183	2.5706e-05
0.537495	2.4728e-05
0.543221	2.38273e-05
0.549008	2.29595e-05
0.554857	2.2086e-05
0.560767	2.12815e-05
0.566741	2.0541e-05
0.572779	1.97929e-05
0.578881	1.9072e-05
0.585047	1.83773e-05
0.59128	1.77379e-05
0.597579	1.70918e-05
0.603945	1.64971e-05
0.610379	1.59231e-05
0.616881	1.5369e-05
0.623453	1.48092e-05
0.630094	1.42939e-05
0.636807	1.37966e-05
0.64359	1.3339e-05
0.650447	1.28748e-05
0.657376	1.24268e-05
0.664379	1.19944e-05
0.671456	1.15966e-05
0.678609	1.11931e-05
0.685839	1.08219e-05
0.693145	1.04629e-05
0.700529	1.00989e-05
0.707992	9.76392e-06
0.715534	9.44008e-06
0.723156	9.12698e-06
0.73086	8.82427e-06
0.738646	8.5316e-06
0.746515	8.24863e-06
0.754467	7.97505e-06
0.762505	7.71054e-06
0.770628	7.46739e-06
0.778837	7.21972e-06
0.787134	6.98027e-06
0.795519	6.76015e-06
0.803994	6.54697e-06
0.812559	6.32982e-06
0.821215	6.13021e-06
0.829964	5.9369e-06
0.838805	5.74968e-06
0.847741	5.56836e-06
0.856772	5.40187e-06
0.865899	5.23152e-06
0.875123	5.06655e-06
0.884446	4.91505e-06
0.893868	4.77614e-06
0.90339	4.63333e-06
0.913014	4.4948e-06
0.922741	4.3604e-06
0.932571	4.23002e-06
0.942505	4.11047e-06
0.952546	3.98757e-06
0.962693	3.87487e-06
0.972949	3.75901e-06
0.983313	3.65277e-06
0.993789	3.54953e-06
1.00438	3.44921e-06
1.01508	3.35173e-06
1.02589	3.257e-06
1.03682	3.16339e-06
1.04786	3.07658e-06
1.05903	2.99215e-06
1.07031	2.91003e-06
1.08171	2.83455e-06
1.09323	2.75676e-06
1.10488	2.68526e-06
1.11665	2.6156e-06
1.12854	2.54776e-06
1.14057	2.48167e-06
1.15272	2.42104e-06
1.165	2.35825e-06
1.17741	2.30063e-06
1.18995	2.24442e-06
1.20263	2.18959e-06
1.21544	2.13609e-06
1.22839	2.08713e-06
1.24147	2.03929e-06
1.2547	1.99254e-06
1.26806	1.94687e-06
1.28157	1.90519e-06
1.29523	1.86152e-06
1.30902	1.82448e-06
1.32297	1.78542e-06
1.33706	1.74989e-06
1.35131	1.71508e-06
1.3657	1.68355e-06
1.38025	1.65261e-06
1.39495	1.62474e-06
1.40981	1.59735e-06
1.42483	1.57235e-06
1.44001	1.54932e-06
1.45535	1.52662e-06
1.47086	1.5087e-06
1.48653	1.4932e-06
1.50236	1.47786e-06
1.51837	1.46916e-06
1.53454	1.46051e-06
1.55089	1.45836e-06
1.56741	1.46267e-06
1.58411	1.4735e-06
1.60098	1.4932e-06
1.61804	1.53197e-06
1.63528	1.60193e-06
1.63528	2.718e-06
1.61804	3.1233e-06
1.60098	3.52096e-06
1.58411	3.92336e-06
1.56741	4.35152e-06
1.55089	4.79666e-06
1.53454	5.271e-06
1.51837	5.77438e-06
1.50236	6.30629e-06
1.48653	6.88721e-06
1.47086	7.49842e-06
1.45535	8.15125e-06
1.44001	8.86093e-06
1.42483	9.61751e-06
1.40981	1.0438e-05
1.39495	1.13085e-05
1.38025	1.22517e-05
1.3657	1.32735e-05
1.35131	1.43604e-05
1.33706	1.55362e-05
1.32297	1.67847e-05
1.30902	1.81591e-05
1.29523	1.96184e-05
1.28157	2.1195e-05
1.26806	2.28982e-05
1.2547	2.47384e-05
1.24147	2.67264e-05
1.22839	2.88742e-05
1.21544	3.11508e-05
1.20263	3.36541e-05
1.18995	3.63587e-05
1.17741	3.92254e-05
1.165	4.23776e-05
1.15272	4.57831e-05
1.14057	4.94624e-05
1.12854	5.33622e-05
1.11665	5.76505e-05
1.10488	6.22834e-05
1.09323	6.71942e-05
1.08171	7.2594e-05
1.07031	7.83177e-05
1.05903	8.46115e-05
1.04786	9.12826e-05
1.03682	9.84798e-05
1.02589	0.00010614
1.01508	0.000114316
1.00438	0.000123398
0.993789	0.000132903
0.983313	0.000143462
0.972949	0.000154513
0.962693	0.000166789
0.952546	0.000180041
0.942505	0.000193909
0.932571	0.000209786
0.922741	0.000226454
0.913014	0.000244446
0.90339	0.000264462
0.893868	0.000286117
0.884446	0.000310241
0.875123	0.000337157
0.865899	0.000360686
0.856772	0.000386725
0.847741	0.000413713
0.838805	0.000442584
0.829964	0.000473471
0.821215	0.000505374
0.812559	0.000539428
0.803994	0.000575776
0.795519	0.000613194
0.787134	0.000651576
0.778837	0.00069236
0.770628	0.000734045
0.762505	0.00077824
0.754467	0.000825095
0.746515	0.000874771
0.738646	0.000927439
0.73086	0.000981068
0.723156	0.00104014
0.715534	0.00110276
0.707992	0.00116653
0.700529	0.00123676
0.693145	0.00131122
0.685839	0.00138704
0.678609	0.00146725
0.671456	0.00155559
0.664379	0.00164554
0.657376	0.00174069
0.650447	0.00184135
0.64359	0.00194783
0.636807	0.0020651
0.630094	0.00218452
0.623453	0.00231084
0.616881	0.00244446
0.610379	0.00258001
0.603945	0.0027292
0.597579	0.00288702
0.59128	0.00305396
0.585047	0.00323056
0.578881	0.00340969
0.572779	0.00360686
0.566741	0.00380686
0.560767	0.00401794
0.554857	0.00425028
0.549008	0.00448596
0.543221	0.00474536
0.537495	0.00500849
0.53183	0.00528621
0.526224	0.00559189
0.520677	0.00590196
0.515189	0.00622922
0.509758	0.00657463
0.504385	0.00695481
0.499068	0.00734045
0.493808	0.00774747
0.488603	0.0174461
0.483453	0.0184135
0.478357	0.0193909
0.473315	0.0204661
0.468325	0.0215524
0.463389	0.0227475
0.458505	0.0240088
0.453672	0.0252832
0.44889	0.0266851
0.444158	0.0281648
0.439476	0.0297266
0.434844	0.0313044
0.43026	0.0330402
0.425725	0.0348723
0.421238	0.0368059
0.416798	0.0388468
0.412404	0.0410009
0.408057	0.0432743
0.403756	0.0457767
0.3995	0.048315
0.395289	0.0509941
0.391122	0.0539428
0.387	0.0874771
0.382921	0.0948529
0.378884	0.101017
0.374891	0.10734
0.370939	0.113803
0.367029	0.120654
0.36316	0.127919
0.359332	0.13562
0.355545	0.143785
0.351797	0.1521
0.348089	0.161257
0.34442	0.170966
0.340789	0.18126
0.337197	0.192173
0.333643	0.204201
0.330126	0.216496
0.326646	0.22953
0.323203	0.243897
0.319796	0.259164
0.316426	0.274767
0.31309	0.291966
0.30979	0.310939
0.306525	0.330402
0.303294	0.351083
0.300097	0.373899
0.296933	0.398197
0.293804	0.424074
0.290707	0.451632
0.287642	0.482065
0.284611	0.514548
0.281611	0.54922
0.278642	0.586228
0.275705	0.627138
0.272799	0.670904
0.269923	0.717723
0.267078	0.769539
0.264263	0.825095
0.261478	0.884662
0.258721	0.950665
0.255994	1
0.253296	1
0.250626	1
0.247984	1
0.24537	1
0.242784	1
0.240225	1
0.237693	1
0.235187	1
0.232708	1
0.230255	1
0.227828	1
0.225427	1
0.223051	1
0.2207	1
0.218373	1
0.216071	1
0.213794	1
0.21154	1
0.21154	0.000227475


