#Mass	Ut	Events
0.135552	0.0317296
0.136996	0.00482065
0.138456	0.00193909
0.139931	0.00114316
0.141421	0.000792366
0.142928	0.000606338
0.144451	0.000525067
0.145989	0.000438621
0.147545	0.000373899
0.149116	0.000323056
0.150705	0.000303343
0.15231	0.000272307
0.153933	0.000244997
0.155573	0.00022342
0.15723	0.000204661
0.158905	0.000188746
0.160598	0.000179233
0.162309	0.000166415
0.164038	0.000141222
0.165785	0.000134104
0.167551	0.000125921
0.169336	0.000118503
0.17114	0.000117972
0.172963	0.000111272
0.174806	0.00010519
0.176668	0.000100112
0.17855	9.35818e-05
0.180452	9.21203e-05
0.182375	8.76741e-05
0.184317	8.57246e-05
0.186281	7.54122e-05
0.188265	7.92366e-05
0.190271	0.000150062
0.192298	0.000144759
0.194347	0.000139643
0.196417	0.000137154
0.198509	0.000132605
0.200624	0.000132307
0.202761	0.000127059
0.204921	0.000123676
0.207104	0.000120926
0.209311	0.000118503
0.21154	0.000115089
0.213794	0.000112025
0.216071	0.000109043
0.218373	0.000105902
0.2207	0.000104482
0.223051	0.000101472
0.225427	9.96633e-05
0.227828	9.701e-05
0.230255	9.50665e-05
0.232708	9.27439e-05
0.235187	9.10904e-05
0.237693	8.86653e-05
0.240225	8.6889e-05
0.242784	8.47662e-05
0.24537	8.36302e-05
0.247984	8.1587e-05
0.250626	8.01325e-05
0.253296	7.83507e-05
0.255994	7.71271e-05
0.258721	7.54122e-05
0.261478	7.44016e-05
0.264263	7.27472e-05
0.267078	7.16111e-05
0.269923	7.01765e-05
0.272799	6.9236e-05
0.275705	6.83082e-05
0.278642	6.69397e-05
0.281611	6.61913e-05
0.284611	6.50112e-05
0.287642	6.42844e-05
0.290707	6.32804e-05
0.293804	6.18734e-05
0.296933	6.13194e-05
0.300097	6.08558e-05
0.303294	5.95361e-05
0.306525	5.88374e-05
0.30979	5.78534e-05
0.31309	5.68859e-05
0.316426	5.62183e-05
0.319796	5.5185e-05
0.323203	5.42622e-05
0.326646	5.36253e-05
0.330126	5.33547e-05
0.333643	5.23741e-05
0.337197	5.38065e-05
0.340789	5.30855e-05
0.34442	5.21097e-05
0.348089	5.14114e-05
0.351797	5.07224e-05
0.355545	4.86284e-05
0.359332	4.86284e-05
0.36316	4.75738e-05
0.367029	4.63073e-05
0.370939	4.51506e-05
0.374891	4.46207e-05
0.378884	4.38005e-05
0.382921	4.25626e-05
0.387	4.17099e-05
0.391122	4.09433e-05
0.395289	4.00554e-05
0.3995	3.9452e-05
0.403756	3.87269e-05
0.408057	3.84665e-05
0.412404	3.78232e-05
0.416798	3.75056e-05
0.421238	3.71281e-05
0.425725	3.65071e-05
0.43026	3.63229e-05
0.434844	3.58361e-05
0.439476	3.53559e-05
0.444158	3.49999e-05
0.44889	3.48233e-05
0.453672	3.45309e-05
0.458505	3.37821e-05
0.463389	3.31612e-05
0.468325	3.25517e-05
0.473315	3.18995e-05
0.478357	3.12078e-05
0.483453	3.06342e-05
0.488603	3.11552e-05
0.493808	3.06342e-05
0.499068	2.93694e-05
0.504385	2.98689e-05
0.509758	2.92705e-05
0.515189	2.88296e-05
0.520677	2.87325e-05
0.526224	2.85875e-05
0.53183	2.82044e-05
0.537495	2.79676e-05
0.543221	2.75463e-05
0.549008	2.70856e-05
0.554857	2.67227e-05
0.560767	2.6543e-05
0.566741	2.62758e-05
0.572779	2.588e-05
0.578881	2.55332e-05
0.585047	2.52761e-05
0.59128	2.51485e-05
0.597579	2.48953e-05
0.603945	2.46032e-05
0.610379	2.39482e-05
0.616881	2.34684e-05
0.623453	2.29595e-05
0.630094	2.26518e-05
0.636807	2.24616e-05
0.64359	2.2386e-05
0.650447	2.19375e-05
0.657376	2.18636e-05
0.664379	2.15343e-05
0.671456	2.11741e-05
0.678609	2.09256e-05
0.685839	2.05064e-05
0.693145	2.03685e-05
0.700529	2.01295e-05
0.707992	1.97595e-05
0.715534	1.93963e-05
0.723156	1.92659e-05
0.73086	1.888e-05
0.738646	1.86899e-05
0.746515	1.86584e-05
0.754467	1.85642e-05
0.762505	1.83464e-05
0.770628	1.8223e-05
0.778837	1.80395e-05
0.787134	1.78278e-05
0.795519	1.77379e-05
0.803994	1.75889e-05
0.812559	1.71496e-05
0.821215	1.67777e-05
0.829964	1.66368e-05
0.838805	1.64693e-05
0.847741	1.60579e-05
0.856772	1.59769e-05
0.865899	1.57362e-05
0.875123	1.54209e-05
0.884446	1.54991e-05
0.893868	1.5447e-05
0.90339	1.5369e-05
0.913014	1.5163e-05
0.922741	1.50611e-05
0.932571	1.49851e-05
0.942505	1.48593e-05
0.952546	1.49346e-05
0.962693	1.48092e-05
0.972949	1.48593e-05
0.983313	1.49598e-05
0.993789	1.48092e-05
1.00438	1.48593e-05
1.01508	1.45616e-05
1.02589	1.4537e-05
1.03682	1.44393e-05
1.04786	1.45125e-05
1.05903	1.46108e-05
1.07031	1.46601e-05
1.08171	1.47097e-05
1.09323	1.49095e-05
1.10488	1.5163e-05
1.11665	1.5163e-05
1.12854	1.54991e-05
1.14057	1.61121e-05
1.15272	1.67494e-05
1.165	1.75593e-05
1.17741	1.86584e-05
1.18995	1.99605e-05
1.20263	2.1929e-05
1.21544	2.27227e-05
1.22839	2.56924e-05
1.24147	3.04442e-05
1.24147	4.8584e-05
1.22839	6.44155e-05
1.21544	7.97673e-05
1.20263	9.39046e-05
1.18995	0.000111774
1.17741	0.000129365
1.165	0.000149053
1.15272	0.000169435
1.14057	0.000191741
1.12854	0.000216496
1.11665	0.000242803
1.10488	0.000269869
1.09323	0.000299951
1.08171	0.000332639
1.07031	0.000367233
1.05903	0.000404514
1.04786	0.000444579
1.03682	0.000487515
1.02589	0.000529811
1.01508	0.000579674
1.00438	0.00062855
0.993789	0.000683082
0.983313	0.000740677
0.972949	0.000803129
0.962693	0.000866938
0.952546	0.000942152
0.942505	0.00101472
0.932571	0.00110028
0.922741	0.0011877
0.913014	0.00127919
0.90339	0.00138704
0.893868	0.00150062
0.884446	0.00161984
0.875123	0.00175248
0.865899	0.00188746
0.856772	0.00203743
0.847741	0.00219436
0.838805	0.00236339
0.829964	0.00254543
0.821215	0.0027415
0.812559	0.00294604
0.803994	0.00315872
0.795519	0.00338677
0.787134	0.00363944
0.778837	0.00388468
0.770628	0.00416513
0.762505	0.0044558
0.754467	0.00475605
0.746515	0.00508795
0.738646	0.00544302
0.73086	0.00579674
0.723156	0.00620127
0.715534	0.00661913
0.707992	0.00706515
0.700529	0.00754122
0.693145	0.00801325
0.685839	0.00855321
0.678609	0.00908858
0.671456	0.00965747
0.664379	0.0102851
0.657376	0.0109288
0.650447	0.0116391
0.64359	0.0123676
0.636807	0.0131417
0.630094	0.0139643
0.623453	0.0148051
0.616881	0.0157672
0.610379	0.0167165
0.603945	0.0177229
0.597579	0.0188323
0.59128	0.020011
0.585047	0.0212636
0.578881	0.0226454
0.572779	0.0240629
0.566741	0.0255116
0.560767	0.0270476
0.554857	0.0287406
0.549008	0.0305396
0.543221	0.0323783
0.537495	0.034405
0.53183	0.0364764
0.526224	0.0387596
0.520677	0.0410009
0.515189	0.0435673
0.509758	0.0462943
0.504385	0.0490815
0.499068	0.0520366
0.493808	0.0552937
0.488603	0.0587547
0.483453	0.0624324
0.478357	0.0661913
0.473315	0.0701765
0.468325	0.074569
0.463389	0.0790586
0.458505	0.0840072
0.453672	0.0892655
0.44889	0.0946399
0.444158	0.100564
0.439476	0.106618
0.434844	0.113038
0.43026	0.119843
0.425725	0.127059
0.421238	0.134708
0.416798	0.142819
0.412404	0.151758
0.408057	0.161257
0.403756	0.170966
0.3995	0.18126
0.395289	0.192605
0.391122	0.204201
0.387	0.216983
0.382921	0.230565
0.378884	0.244997
0.374891	0.260332
0.370939	0.276006
0.367029	0.293942
0.36316	0.312341
0.359332	0.331891
0.355545	0.352666
0.351797	0.37474
0.348089	0.398197
0.34442	0.423121
0.340789	0.450618
0.337197	0.478824
0.333643	0.509941
0.330126	0.54186
0.326646	0.577073
0.323203	0.614574
0.319796	0.654513
0.316426	0.697046
0.31309	0.740677
0.30979	0.790586
0.306525	0.841963
0.303294	0.896678
0.300097	0.957099
0.296933	1
0.293804	1
0.290707	1
0.287642	1
0.284611	1
0.281611	1
0.278642	1
0.275705	1
0.272799	1
0.269923	1
0.267078	1
0.264263	1
0.261478	1
0.258721	1
0.255994	1
0.253296	1
0.250626	1
0.247984	1
0.24537	1
0.242784	1
0.240225	1
0.237693	1
0.235187	1
0.232708	1
0.230255	1
0.227828	1
0.225427	1
0.223051	1
0.2207	1
0.218373	1
0.216071	1
0.213794	1
0.21154	1
0.209311	1
0.207104	1
0.204921	1
0.202761	1
0.200624	1
0.198509	1
0.196417	1
0.194347	1
0.192298	1
0.190271	1
0.188265	1
0.186281	1
0.184317	1
0.182375	1
0.180452	1
0.17855	1
0.176668	1
0.174806	1
0.172963	1
0.17114	1
0.169336	1
0.167551	1
0.165785	1
0.164038	1
0.162309	1
0.160598	1
0.158905	1
0.15723	1
0.155573	1
0.153933	1
0.15231	1
0.150705	1
0.149116	1
0.147545	1
0.145989	1
0.144451	1
0.142928	1
0.141421	1
0.139931	1
0.138456	1
0.136996	1
0.135552	1
0.135552	0.0317296


