#Mass	Um	Events
0.01	0.000214557
0.0101065	0.000205584
0.0102142	0.000196985
0.010323	0.000188746
0.010433	0.00018126
0.0105441	0.000173679
0.0106564	0.000166415
0.01077	0.000159454
0.0108847	0.000152785
0.0110007	0.000146395
0.0111178	0.000140588
0.0112363	0.000134708
0.011356	0.000129074
0.011477	0.000123676
0.0115992	0.00011877
0.0117228	0.000113803
0.0118477	0.000109043
0.0119739	0.000104482
0.0121014	0.000100338
0.0122304	9.61413e-05
0.0123606	9.21203e-05
0.0124923	8.84662e-05
0.0126254	8.47662e-05
0.0127599	8.12209e-05
0.0128958	7.79991e-05
0.0130332	7.47369e-05
0.0131721	7.16111e-05
0.0133124	6.87705e-05
0.0134542	6.58943e-05
0.0135975	6.32804e-05
0.0137424	6.06338e-05
0.0138888	5.80979e-05
0.0140367	5.57933e-05
0.0141863	5.34598e-05
0.0143374	5.13392e-05
0.0144901	4.9192e-05
0.0146445	4.72407e-05
0.0148005	4.52649e-05
0.0149582	4.34694e-05
0.0151175	4.16513e-05
0.0152786	3.99992e-05
0.0154413	3.84125e-05
0.0156058	3.68059e-05
0.0157721	3.5346e-05
0.0159401	3.39439e-05
0.0161099	3.25242e-05
0.0162815	3.12341e-05
0.016455	2.99951e-05
0.0166303	2.87406e-05
0.0168074	2.76006e-05
0.0169865	2.65057e-05
0.0171674	2.54543e-05
0.0173503	2.43897e-05
0.0175351	2.34223e-05
0.0177219	2.24932e-05
0.0179107	2.16009e-05
0.0181015	2.07441e-05
0.0182944	1.99212e-05
0.0184893	1.9131e-05
0.0186862	1.83722e-05
0.0188853	1.76434e-05
0.0190865	1.69435e-05
0.0192898	1.62714e-05
0.0194953	1.5626e-05
0.019703	1.50062e-05
0.0199129	1.44109e-05
0.020125	1.38393e-05
0.0203394	1.33202e-05
0.0205561	1.27919e-05
0.0207751	1.22844e-05
0.0209964	1.18237e-05
0.02122	1.13547e-05
0.0214461	1.09043e-05
0.0216746	1.04953e-05
0.0219055	1.01017e-05
0.0221388	9.701e-06
0.0223747	9.33716e-06
0.022613	8.98697e-06
0.0228539	8.63048e-06
0.0230974	8.3068e-06
0.0233434	7.99525e-06
0.0235921	7.69539e-06
0.0238434	7.40677e-06
0.0240974	7.12898e-06
0.0243542	6.87705e-06
0.0246136	6.61913e-06
0.0248758	6.37088e-06
0.0251408	6.14574e-06
0.0254086	5.92856e-06
0.0256793	5.70621e-06
0.0259529	5.50456e-06
0.0262293	5.32199e-06
0.0265088	5.13392e-06
0.0267912	4.9525e-06
0.0270766	4.78824e-06
0.027365	4.62943e-06
0.0276565	4.47588e-06
0.0279512	4.32743e-06
0.0282489	4.19333e-06
0.0285499	4.06337e-06
0.028854	3.93745e-06
0.0291614	3.82401e-06
0.029472	3.71385e-06
0.029786	3.60686e-06
0.0301033	3.51874e-06
0.030424	3.43277e-06
0.0307481	3.35644e-06
0.0310757	3.2892e-06
0.0314067	3.23783e-06
0.0317413	3.19444e-06
0.0320794	3.1801e-06
0.0324212	3.1801e-06
0.0327666	3.23056e-06
0.0331156	3.35644e-06
0.0334684	3.66408e-06
0.0338249	5.08795e-06
0.0341853	2.2342e-05
0.0345494	2.14075e-05
0.0349175	2.05584e-05
0.0352895	1.96985e-05
0.0356654	1.88746e-05
0.0360454	1.8126e-05
0.0364293	1.73679e-05
0.0368174	1.66789e-05
0.0372096	1.59813e-05
0.037606	1.53129e-05
0.0380066	1.47055e-05
0.0384115	1.40905e-05
0.0388207	1.35012e-05
0.0392343	1.29656e-05
0.0396522	1.24233e-05
0.0400747	1.19305e-05
0.0405016	1.14316e-05
0.040933	1.09534e-05
0.0413691	1.0519e-05
0.0418098	1.0079e-05
0.0422552	9.67921e-06
0.0427053	9.27439e-06
0.0431603	8.88649e-06
0.0436201	8.53399e-06
0.0440848	8.17707e-06
0.0445544	7.85271e-06
0.045029	7.52428e-06
0.0455087	7.22581e-06
0.0459935	6.9236e-06
0.0464835	6.63403e-06
0.0469787	6.37088e-06
0.0474791	6.10442e-06
0.0479849	5.86228e-06
0.0484961	5.61709e-06
0.0490127	5.39428e-06
0.0495349	5.16867e-06
0.0500626	4.96365e-06
0.0505959	4.75605e-06
0.0511349	4.56739e-06
0.0516796	4.37636e-06
0.0522302	4.19333e-06
0.0527866	4.02699e-06
0.0533489	3.85856e-06
0.0539172	3.70551e-06
0.0544916	3.55053e-06
0.0550721	3.40969e-06
0.0556588	3.26708e-06
0.0562517	3.13749e-06
0.056851	3.00627e-06
0.0574566	2.88702e-06
0.0580687	2.76627e-06
0.0586873	2.65654e-06
0.0593125	2.55116e-06
0.0599443	2.44446e-06
0.0605829	2.3475e-06
0.0612283	2.24932e-06
0.0618806	2.16009e-06
0.0625398	2.06975e-06
0.063206	1.98765e-06
0.0638794	1.90452e-06
0.0645599	1.82897e-06
0.0652476	1.75248e-06
0.0659427	1.68296e-06
0.0666452	1.6162e-06
0.0673551	1.54861e-06
0.0680727	1.48718e-06
0.0687979	1.42498e-06
0.0695308	1.36845e-06
0.0702715	1.31417e-06
0.0710201	1.25921e-06
0.0717766	1.20926e-06
0.0725413	1.15868e-06
0.0733141	1.11272e-06
0.0740951	1.06858e-06
0.0748844	1.02389e-06
0.0756821	9.83277e-07
0.0764884	9.44273e-07
0.0773032	9.0478e-07
0.0781267	8.6889e-07
0.078959	8.34424e-07
0.0798002	7.99525e-07
0.0806503	7.6781e-07
0.0815094	7.37354e-07
0.0823778	7.06515e-07
0.0832553	6.78489e-07
0.0841422	6.51576e-07
0.0850386	6.2573e-07
0.0859445	5.99559e-07
0.0868601	5.75776e-07
0.0877854	5.52937e-07
0.0887206	5.31004e-07
0.0896657	5.08795e-07
0.0906209	4.88613e-07
0.0915863	4.69231e-07
0.092562	4.50618e-07
0.093548	4.31771e-07
0.0945446	4.14644e-07
0.0955518	3.98197e-07
0.0965697	3.82401e-07
0.0975984	3.67233e-07
0.0986382	3.52666e-07
0.0996889	3.37916e-07
0.100751	3.24512e-07
0.101824	3.11639e-07
0.102909	2.99278e-07
0.104005	2.87406e-07
0.105113	2.76006e-07
0.106233	2.65057e-07
0.107365	2.54543e-07
0.108508	2.44446e-07
0.109664	2.3475e-07
0.110833	2.25438e-07
0.112013	2.16496e-07
0.113207	2.07908e-07
0.114413	1.99661e-07
0.115631	1.91741e-07
0.116863	1.84135e-07
0.118108	1.76831e-07
0.119366	1.69817e-07
0.120638	1.63081e-07
0.121923	1.56612e-07
0.123222	1.50399e-07
0.124535	1.44434e-07
0.125861	1.38704e-07
0.127202	1.32903e-07
0.128557	1.27631e-07
0.129927	1.22293e-07
0.131311	1.17442e-07
0.13271	1.1253e-07
0.134123	1.07824e-07
0.135552	1.03314e-07
0.136996	9.8549e-08
0.138456	9.25355e-08
0.139931	8.53399e-08
0.141421	7.73007e-08
0.142928	6.87705e-08
0.144451	6.06338e-08
0.145989	5.32199e-08
0.147545	4.66076e-08
0.149116	4.09088e-08
0.150705	3.60686e-08
0.15231	3.18726e-08
0.153933	2.83555e-08
0.155573	2.53401e-08
0.15723	2.27475e-08
0.158905	2.05122e-08
0.160598	1.85799e-08
0.162309	1.69055e-08
0.164038	1.54166e-08
0.165785	1.41222e-08
0.167551	1.29948e-08
0.169336	1.19843e-08
0.17114	1.10773e-08
0.172963	1.0262e-08
0.174806	9.52805e-09
0.176668	8.86653e-09
0.17855	8.26952e-09
0.180452	7.73007e-09
0.182375	7.24208e-09
0.184317	6.80017e-09
0.186281	6.38522e-09
0.188265	6.00909e-09
0.190271	5.66785e-09
0.192298	5.34598e-09
0.194347	5.05374e-09
0.196417	4.77748e-09
0.198509	4.52649e-09
0.200624	4.37636e-09
0.202761	4.15578e-09
0.204921	3.94631e-09
0.207104	3.7474e-09
0.209311	3.57456e-09
0.21154	3.40203e-09
0.213794	3.24512e-09
0.216071	3.09544e-09
0.218373	2.95932e-09
0.2207	2.82918e-09
0.223051	2.70476e-09
0.225427	2.59164e-09
0.227828	2.48324e-09
0.230255	2.37939e-09
0.232708	2.285e-09
0.235187	2.19436e-09
0.237693	2.10732e-09
0.240225	2.02373e-09
0.242784	1.94783e-09
0.24537	1.82897e-09
0.247984	1.63448e-09
0.250626	1.51758e-09
0.253296	1.42498e-09
0.255994	1.34406e-09
0.258721	1.27345e-09
0.261478	1.20926e-09
0.264263	1.15089e-09
0.267078	1.09781e-09
0.269923	1.04953e-09
0.272799	1.00338e-09
0.275705	9.63578e-10
0.278642	9.25355e-10
0.281611	8.9065e-10
0.284611	8.57246e-10
0.287642	8.26952e-10
0.290707	7.97729e-10
0.293804	7.73007e-10
0.296933	7.47369e-10
0.300097	7.24208e-10
0.303294	7.03344e-10
0.306525	6.84619e-10
0.30979	6.66393e-10
0.31309	6.50112e-10
0.316426	6.34229e-10
0.319796	6.21523e-10
0.323203	6.07703e-10
0.326646	5.96869e-10
0.330126	5.86228e-10
0.333643	5.78372e-10
0.337197	5.70621e-10
0.340789	5.64241e-10
0.34442	5.60448e-10
0.348089	5.57933e-10
0.351797	5.57933e-10
0.355545	5.59189e-10
0.359332	5.64241e-10
0.36316	5.73193e-10
0.367029	5.86228e-10
0.370939	6.07703e-10
0.374891	6.414e-10
0.378884	6.97046e-10
0.382921	8.06749e-10
0.387	1.23398e-09
0.387	0.219436
0.382921	0.239549
0.378884	0.256843
0.374891	0.274767
0.370939	0.293282
0.367029	0.313044
0.36316	0.334138
0.359332	0.356653
0.355545	0.380686
0.351797	0.406337
0.348089	0.433718
0.34442	0.462943
0.340789	0.494137
0.337197	0.527434
0.333643	0.564241
0.330126	0.603617
0.326646	0.645741
0.323203	0.690805
0.319796	0.740677
0.316426	0.79415
0.31309	0.851483
0.30979	0.91501
0.306525	0.983277
0.303294	1
0.300097	1
0.296933	1
0.293804	1
0.290707	1
0.287642	1
0.284611	1
0.281611	1
0.278642	1
0.275705	1
0.272799	1
0.269923	1
0.267078	1
0.264263	1
0.261478	1
0.258721	1
0.255994	1
0.253296	1
0.250626	1
0.247984	1
0.24537	1
0.242784	1
0.240225	1
0.237693	1
0.235187	1
0.232708	1
0.230255	1
0.227828	1
0.225427	1
0.223051	1
0.2207	1
0.218373	1
0.216071	1
0.213794	1
0.21154	1
0.209311	1
0.207104	1
0.204921	1
0.202761	1
0.200624	1
0.198509	1
0.196417	1
0.194347	1
0.192298	1
0.190271	1
0.188265	1
0.186281	1
0.184317	1
0.182375	1
0.180452	1
0.17855	1
0.176668	1
0.174806	1
0.172963	1
0.17114	1
0.169336	1
0.167551	1
0.165785	1
0.164038	1
0.162309	1
0.160598	1
0.158905	1
0.15723	1
0.155573	1
0.153933	1
0.15231	1
0.150705	1
0.149116	1
0.147545	1
0.145989	1
0.144451	1
0.142928	1
0.141421	1
0.139931	1
0.138456	1
0.136996	1
0.135552	1
0.134123	1
0.13271	1
0.131311	1
0.129927	1
0.128557	1
0.127202	1
0.125861	1
0.124535	1
0.123222	1
0.121923	1
0.120638	1
0.119366	1
0.118108	1
0.116863	1
0.115631	1
0.114413	1
0.113207	1
0.112013	1
0.110833	1
0.109664	1
0.108508	1
0.107365	1
0.106233	1
0.105113	1
0.104005	1
0.102909	1
0.101824	1
0.100751	1
0.0996889	1
0.0986382	1
0.0975984	1
0.0965697	1
0.0955518	1
0.0945446	1
0.093548	1
0.092562	1
0.0915863	1
0.0906209	1
0.0896657	1
0.0887206	1
0.0877854	1
0.0868601	1
0.0859445	1
0.0850386	1
0.0841422	1
0.0832553	1
0.0823778	1
0.0815094	1
0.0806503	1
0.0798002	1
0.078959	1
0.0781267	1
0.0773032	1
0.0764884	1
0.0756821	1
0.0748844	1
0.0740951	1
0.0733141	1
0.0725413	1
0.0717766	1
0.0710201	1
0.0702715	1
0.0695308	1
0.0687979	1
0.0680727	1
0.0673551	1
0.0666452	1
0.0659427	1
0.0652476	1
0.0645599	1
0.0638794	1
0.063206	1
0.0625398	1
0.0618806	1
0.0612283	1
0.0605829	1
0.0599443	1
0.0593125	1
0.0586873	1
0.0580687	1
0.0574566	1
0.056851	1
0.0562517	1
0.0556588	1
0.0550721	1
0.0544916	1
0.0539172	1
0.0533489	1
0.0527866	1
0.0522302	1
0.0516796	1
0.0511349	1
0.0505959	1
0.0500626	1
0.0495349	1
0.0490127	1
0.0484961	1
0.0479849	1
0.0474791	1
0.0469787	1
0.0464835	1
0.0459935	1
0.0455087	1
0.045029	1
0.0445544	1
0.0440848	1
0.0436201	1
0.0431603	1
0.0427053	1
0.0422552	1
0.0418098	1
0.0413691	1
0.040933	1
0.0405016	1
0.0400747	1
0.0396522	1
0.0392343	1
0.0388207	1
0.0384115	1
0.0380066	1
0.037606	1
0.0372096	1
0.0368174	1
0.0364293	1
0.0360454	1
0.0356654	1
0.0352895	1
0.0349175	1
0.0345494	1
0.0341853	1
0.0338249	1
0.0334684	1
0.0331156	1
0.0327666	1
0.0324212	1
0.0320794	1
0.0317413	1
0.0314067	1
0.0310757	1
0.0307481	1
0.030424	1
0.0301033	1
0.029786	1
0.029472	1
0.0291614	1
0.028854	1
0.0285499	1
0.0282489	1
0.0279512	1
0.0276565	1
0.027365	1
0.0270766	1
0.0267912	1
0.0265088	1
0.0262293	1
0.0259529	1
0.0256793	1
0.0254086	1
0.0251408	1
0.0248758	1
0.0246136	1
0.0243542	1
0.0240974	1
0.0238434	1
0.0235921	1
0.0233434	1
0.0230974	1
0.0228539	1
0.022613	1
0.0223747	1
0.0221388	1
0.0219055	1
0.0216746	1
0.0214461	1
0.02122	1
0.0209964	1
0.0207751	1
0.0205561	1
0.0203394	1
0.020125	1
0.0199129	1
0.019703	1
0.0194953	1
0.0192898	1
0.0190865	1
0.0188853	1
0.0186862	1
0.0184893	1
0.0182944	1
0.0181015	1
0.0179107	1
0.0177219	1
0.0175351	1
0.0173503	1
0.0171674	1
0.0169865	1
0.0168074	1
0.0166303	1
0.016455	1
0.0162815	1
0.0161099	1
0.0159401	1
0.0157721	1
0.0156058	1
0.0154413	1
0.0152786	1
0.0151175	1
0.0149582	1
0.0148005	1
0.0146445	1
0.0144901	1
0.0143374	1
0.0141863	1
0.0140367	1
0.0138888	1
0.0137424	1
0.0135975	1
0.0134542	1
0.0133124	1
0.0131721	1
0.0130332	1
0.0128958	1
0.0127599	1
0.0126254	1
0.0124923	1
0.0123606	1
0.0122304	1
0.0121014	1
0.0119739	1
0.0118477	1
0.0117228	1
0.0115992	1
0.011477	1
0.011356	1
0.0112363	1
0.0111178	1
0.0110007	1
0.0108847	1
0.01077	1
0.0106564	1
0.0105441	1
0.010433	1
0.010323	1
0.0102142	1
0.0101065	1
0.01	1
0.01	0.000214557


