#Mass	Ue	Um	Events
0.01	5.66785e-05
0.0101065	5.43079e-05
0.0102142	5.20366e-05
0.010323	4.99724e-05
0.010433	4.78824e-05
0.0105441	4.58798e-05
0.0106564	4.39609e-05
0.01077	4.21223e-05
0.0108847	4.04514e-05
0.0110007	3.87596e-05
0.0111178	3.71385e-05
0.0112363	3.55852e-05
0.011356	3.41737e-05
0.011477	3.27444e-05
0.0115992	3.13749e-05
0.0117228	3.00627e-05
0.0118477	2.88702e-05
0.0119739	2.76627e-05
0.0121014	2.65057e-05
0.0122304	2.54543e-05
0.0123606	2.43897e-05
0.0124923	2.33697e-05
0.0126254	2.24427e-05
0.0127599	2.1504e-05
0.0128958	2.06046e-05
0.0130332	1.97873e-05
0.0131721	1.89597e-05
0.0133124	1.82077e-05
0.0134542	1.74461e-05
0.0135975	1.67165e-05
0.0137424	1.60534e-05
0.0138888	1.5382e-05
0.0140367	1.47718e-05
0.0141863	1.4154e-05
0.0143374	1.35925e-05
0.0144901	1.30241e-05
0.0146445	1.25074e-05
0.0148005	1.19843e-05
0.0149582	1.15089e-05
0.0151175	1.10276e-05
0.0152786	1.05902e-05
0.0154413	1.01701e-05
0.0156058	9.74472e-06
0.0157721	9.35818e-06
0.0159401	8.98697e-06
0.0161099	8.6111e-06
0.0162815	8.26952e-06
0.016455	7.9415e-06
0.0166303	7.60935e-06
0.0168074	7.30751e-06
0.0169865	7.01765e-06
0.0171674	6.73928e-06
0.0173503	6.45741e-06
0.0175351	6.20127e-06
0.0177219	5.95528e-06
0.0179107	5.71905e-06
0.0181015	5.4922e-06
0.0182944	5.27434e-06
0.0184893	5.06512e-06
0.0186862	4.8642e-06
0.0188853	4.67126e-06
0.0190865	4.48596e-06
0.0192898	4.30802e-06
0.0194953	4.13713e-06
0.019703	3.97302e-06
0.0199129	3.81543e-06
0.020125	3.67233e-06
0.0203394	3.52666e-06
0.0205561	3.38677e-06
0.0207751	3.25242e-06
0.0209964	3.13044e-06
0.02122	3.00627e-06
0.0214461	2.89352e-06
0.0216746	2.77874e-06
0.0219055	2.67452e-06
0.0221388	2.56843e-06
0.0223747	2.4721e-06
0.022613	2.37939e-06
0.0228539	2.29015e-06
0.0230974	2.1993e-06
0.0233434	2.11682e-06
0.0235921	2.03743e-06
0.0238434	1.96543e-06
0.0240974	1.89171e-06
0.0243542	1.82077e-06
0.0246136	1.75248e-06
0.0248758	1.69055e-06
0.0251408	1.62714e-06
0.0254086	1.56964e-06
0.0256793	1.51417e-06
0.0259529	1.46067e-06
0.0262293	1.40905e-06
0.0265088	1.35925e-06
0.0267912	1.31417e-06
0.0270766	1.26773e-06
0.027365	1.22569e-06
0.0276565	1.18503e-06
0.0279512	1.14573e-06
0.0282489	1.11022e-06
0.0285499	1.07582e-06
0.028854	1.04248e-06
0.0291614	1.01244e-06
0.029472	9.83277e-07
0.029786	9.57099e-07
0.0301033	9.31619e-07
0.030424	9.08858e-07
0.0307481	8.88649e-07
0.0310757	8.72806e-07
0.0314067	8.57246e-07
0.0317413	8.47662e-07
0.0320794	8.41963e-07
0.0324212	8.43858e-07
0.0327666	8.55321e-07
0.0331156	8.88649e-07
0.0334684	9.701e-07
0.0338249	1.34708e-06
0.0341853	5.91524e-06
0.0345494	5.6806e-06
0.0349175	5.44302e-06
0.0352895	5.21537e-06
0.0356654	5.00849e-06
0.0360454	4.79902e-06
0.0364293	4.60866e-06
0.0368174	4.4159e-06
0.0372096	4.23121e-06
0.037606	4.06337e-06
0.0380066	3.89343e-06
0.0384115	3.73059e-06
0.0388207	3.58261e-06
0.0392343	3.43277e-06
0.0396522	3.2966e-06
0.0400747	3.15872e-06
0.0405016	3.02661e-06
0.040933	2.90656e-06
0.0413691	2.78499e-06
0.0418098	2.67452e-06
0.0422552	2.56266e-06
0.0427053	2.45548e-06
0.0431603	2.35808e-06
0.0436201	2.25946e-06
0.0440848	2.16983e-06
0.0445544	2.07908e-06
0.045029	1.99661e-06
0.0455087	1.9131e-06
0.0459935	1.83309e-06
0.0464835	1.76038e-06
0.0469787	1.68675e-06
0.0474791	1.61984e-06
0.0479849	1.55209e-06
0.0484961	1.49053e-06
0.0490127	1.42819e-06
0.0495349	1.37154e-06
0.0500626	1.31417e-06
0.0505959	1.26204e-06
0.0511349	1.20926e-06
0.0516796	1.15868e-06
0.0522302	1.11272e-06
0.0527866	1.06618e-06
0.0533489	1.02389e-06
0.0539172	9.81068e-07
0.0544916	9.42152e-07
0.0550721	9.02748e-07
0.0556588	8.66938e-07
0.0562517	8.3068e-07
0.056851	7.97729e-07
0.0574566	7.64365e-07
0.0580687	7.34045e-07
0.0586873	7.03344e-07
0.0593125	6.75445e-07
0.0599443	6.48652e-07
0.0605829	6.21523e-07
0.0612283	5.96869e-07
0.0618806	5.71905e-07
0.0625398	5.4922e-07
0.063206	5.26249e-07
0.0638794	5.05374e-07
0.0645599	4.84238e-07
0.0652476	4.65029e-07
0.0659427	4.46583e-07
0.0666452	4.27905e-07
0.0673551	4.10932e-07
0.0680727	3.93745e-07
0.0687979	3.78126e-07
0.0695308	3.63127e-07
0.0702715	3.4794e-07
0.0710201	3.34138e-07
0.0717766	3.20163e-07
0.0725413	3.07463e-07
0.0733141	2.95267e-07
0.0740951	2.82918e-07
0.0748844	2.71695e-07
0.0756821	2.60918e-07
0.0764884	2.50005e-07
0.0773032	2.40088e-07
0.0781267	2.30565e-07
0.078959	2.20922e-07
0.0798002	2.12158e-07
0.0806503	2.03743e-07
0.0815094	1.95221e-07
0.0823778	1.87478e-07
0.0832553	1.80041e-07
0.0841422	1.72511e-07
0.0850386	1.65668e-07
0.0859445	1.59096e-07
0.0868601	1.52785e-07
0.0877854	1.46395e-07
0.0887206	1.40588e-07
0.0896657	1.35012e-07
0.0906209	1.29656e-07
0.0915863	1.24233e-07
0.092562	1.19305e-07
0.093548	1.14573e-07
0.0945446	1.10028e-07
0.0955518	1.05664e-07
0.0965697	1.01244e-07
0.0975984	9.72284e-08
0.0986382	9.33716e-08
0.0996889	8.96678e-08
0.100751	8.6111e-08
0.101824	8.26952e-08
0.102909	7.9415e-08
0.104005	7.62648e-08
0.105113	7.32396e-08
0.106233	7.03344e-08
0.107365	6.75445e-08
0.108508	6.48652e-08
0.109664	6.22922e-08
0.110833	5.98212e-08
0.112013	5.74483e-08
0.113207	5.51695e-08
0.114413	5.29811e-08
0.115631	5.08795e-08
0.116863	4.88613e-08
0.118108	4.69231e-08
0.119366	4.50618e-08
0.120638	4.32743e-08
0.121923	4.15578e-08
0.123222	3.99093e-08
0.124535	3.84125e-08
0.125861	3.68888e-08
0.127202	3.54255e-08
0.128557	3.40203e-08
0.129927	3.26708e-08
0.131311	3.13749e-08
0.13271	3.01303e-08
0.134123	2.89352e-08
0.135552	2.78499e-08
0.136996	2.67452e-08
0.138456	2.56843e-08
0.139931	2.46655e-08
0.141421	2.33172e-08
0.142928	2.16009e-08
0.144451	1.97873e-08
0.145989	1.79636e-08
0.147545	1.63081e-08
0.149116	1.47718e-08
0.150705	1.33803e-08
0.15231	1.21744e-08
0.153933	1.11022e-08
0.155573	1.01701e-08
0.15723	9.33716e-09
0.158905	8.59176e-09
0.160598	7.9415e-09
0.162309	7.35697e-09
0.164038	6.83082e-09
0.165785	6.35657e-09
0.167551	5.92856e-09
0.169336	5.55429e-09
0.17114	5.20366e-09
0.172963	4.88613e-09
0.174806	4.5983e-09
0.176668	4.32743e-09
0.17855	4.08169e-09
0.180452	3.85856e-09
0.182375	3.65585e-09
0.184317	3.46378e-09
0.186281	3.28181e-09
0.188265	3.11639e-09
0.190271	2.96598e-09
0.192298	2.82282e-09
0.194347	2.68658e-09
0.196417	2.56266e-09
0.198509	2.44997e-09
0.200624	2.37939e-09
0.202761	2.27475e-09
0.204921	2.17961e-09
0.207104	2.08376e-09
0.209311	1.99661e-09
0.21154	1.9131e-09
0.213794	1.83722e-09
0.216071	1.76038e-09
0.218373	1.69055e-09
0.2207	1.62714e-09
0.223051	1.5626e-09
0.225427	1.50399e-09
0.227828	1.44759e-09
0.230255	1.39329e-09
0.232708	1.34406e-09
0.235187	1.29656e-09
0.237693	1.25074e-09
0.240225	1.20654e-09
0.242784	1.16391e-09
0.24537	1.11523e-09
0.247984	1.04718e-09
0.250626	9.96633e-10
0.253296	9.52805e-10
0.255994	9.12955e-10
0.258721	8.74771e-10
0.261478	8.40072e-10
0.264263	8.08565e-10
0.267078	7.7824e-10
0.269923	7.50738e-10
0.272799	7.24208e-10
0.275705	7.00188e-10
0.278642	6.76965e-10
0.281611	6.54513e-10
0.284611	6.34229e-10
0.287642	6.14574e-10
0.290707	5.96869e-10
0.293804	5.79674e-10
0.296933	5.64241e-10
0.300097	5.4922e-10
0.303294	5.35801e-10
0.306525	5.22711e-10
0.30979	5.09941e-10
0.31309	4.99724e-10
0.316426	4.88613e-10
0.319796	4.79902e-10
0.323203	4.71346e-10
0.326646	4.62943e-10
0.330126	4.56739e-10
0.333643	4.50618e-10
0.337197	4.4558e-10
0.340789	4.42584e-10
0.34442	4.39609e-10
0.348089	4.38621e-10
0.351797	4.38621e-10
0.355545	4.40598e-10
0.359332	4.4558e-10
0.36316	4.52649e-10
0.367029	4.63985e-10
0.370939	4.82065e-10
0.374891	5.08795e-10
0.378884	5.52937e-10
0.382921	6.39959e-10
0.387	9.81068e-10
0.387	0.0929526
0.382921	0.101244
0.378884	0.10831
0.374891	0.115608
0.370939	0.122844
0.367029	0.130828
0.36316	0.139017
0.359332	0.147718
0.355545	0.156964
0.351797	0.166789
0.348089	0.177229
0.34442	0.188323
0.340789	0.20011
0.337197	0.212636
0.333643	0.225946
0.330126	0.240088
0.326646	0.255116
0.323203	0.271695
0.319796	0.289352
0.316426	0.307463
0.31309	0.327444
0.30979	0.349508
0.306525	0.372221
0.303294	0.39641
0.300097	0.423121
0.296933	0.451632
0.293804	0.482065
0.290707	0.515706
0.287642	0.550456
0.284611	0.58887
0.281611	0.629965
0.278642	0.675445
0.275705	0.724208
0.272799	0.776492
0.269923	0.834424
0.267078	0.896678
0.264263	0.963578
0.261478	1
0.258721	1
0.255994	1
0.253296	1
0.250626	1
0.247984	1
0.24537	1
0.242784	1
0.240225	1
0.237693	1
0.235187	1
0.232708	1
0.230255	1
0.227828	1
0.225427	1
0.223051	1
0.2207	1
0.218373	1
0.216071	1
0.213794	1
0.21154	1
0.209311	1
0.207104	1
0.204921	1
0.202761	1
0.200624	1
0.198509	1
0.196417	1
0.194347	1
0.192298	1
0.190271	1
0.188265	1
0.186281	1
0.184317	1
0.182375	1
0.180452	1
0.17855	1
0.176668	1
0.174806	1
0.172963	1
0.17114	1
0.169336	1
0.167551	1
0.165785	1
0.164038	1
0.162309	1
0.160598	1
0.158905	1
0.15723	1
0.155573	1
0.153933	1
0.15231	1
0.150705	1
0.149116	1
0.147545	1
0.145989	1
0.144451	1
0.142928	1
0.141421	1
0.139931	1
0.138456	1
0.136996	1
0.135552	1
0.134123	1
0.13271	1
0.131311	1
0.129927	1
0.128557	1
0.127202	1
0.125861	1
0.124535	1
0.123222	1
0.121923	1
0.120638	1
0.119366	1
0.118108	1
0.116863	1
0.115631	1
0.114413	1
0.113207	1
0.112013	1
0.110833	1
0.109664	1
0.108508	1
0.107365	1
0.106233	1
0.105113	1
0.104005	1
0.102909	1
0.101824	1
0.100751	1
0.0996889	1
0.0986382	1
0.0975984	1
0.0965697	1
0.0955518	1
0.0945446	1
0.093548	1
0.092562	1
0.0915863	1
0.0906209	1
0.0896657	1
0.0887206	1
0.0877854	1
0.0868601	1
0.0859445	1
0.0850386	1
0.0841422	1
0.0832553	1
0.0823778	1
0.0815094	1
0.0806503	1
0.0798002	1
0.078959	1
0.0781267	1
0.0773032	1
0.0764884	1
0.0756821	1
0.0748844	1
0.0740951	1
0.0733141	1
0.0725413	1
0.0717766	1
0.0710201	1
0.0702715	1
0.0695308	1
0.0687979	1
0.0680727	1
0.0673551	1
0.0666452	1
0.0659427	1
0.0652476	1
0.0645599	1
0.0638794	1
0.063206	1
0.0625398	1
0.0618806	1
0.0612283	1
0.0605829	1
0.0599443	1
0.0593125	1
0.0586873	1
0.0580687	1
0.0574566	1
0.056851	1
0.0562517	1
0.0556588	1
0.0550721	1
0.0544916	1
0.0539172	1
0.0533489	1
0.0527866	1
0.0522302	1
0.0516796	1
0.0511349	1
0.0505959	1
0.0500626	1
0.0495349	1
0.0490127	1
0.0484961	1
0.0479849	1
0.0474791	1
0.0469787	1
0.0464835	1
0.0459935	1
0.0455087	1
0.045029	1
0.0445544	1
0.0440848	1
0.0436201	1
0.0431603	1
0.0427053	1
0.0422552	1
0.0418098	1
0.0413691	1
0.040933	1
0.0405016	1
0.0400747	1
0.0396522	1
0.0392343	1
0.0388207	1
0.0384115	1
0.0380066	1
0.037606	1
0.0372096	1
0.0368174	1
0.0364293	1
0.0360454	1
0.0356654	1
0.0352895	1
0.0349175	1
0.0345494	1
0.0341853	1
0.0338249	1
0.0334684	1
0.0331156	1
0.0327666	1
0.0324212	1
0.0320794	1
0.0317413	1
0.0314067	1
0.0310757	1
0.0307481	1
0.030424	1
0.0301033	1
0.029786	1
0.029472	1
0.0291614	1
0.028854	1
0.0285499	1
0.0282489	1
0.0279512	1
0.0276565	1
0.027365	1
0.0270766	1
0.0267912	1
0.0265088	1
0.0262293	1
0.0259529	1
0.0256793	1
0.0254086	1
0.0251408	1
0.0248758	1
0.0246136	1
0.0243542	1
0.0240974	1
0.0238434	1
0.0235921	1
0.0233434	1
0.0230974	1
0.0228539	1
0.022613	1
0.0223747	1
0.0221388	1
0.0219055	1
0.0216746	1
0.0214461	1
0.02122	1
0.0209964	1
0.0207751	1
0.0205561	1
0.0203394	1
0.020125	1
0.0199129	1
0.019703	1
0.0194953	1
0.0192898	1
0.0190865	1
0.0188853	1
0.0186862	1
0.0184893	1
0.0182944	1
0.0181015	1
0.0179107	1
0.0177219	1
0.0175351	1
0.0173503	1
0.0171674	1
0.0169865	1
0.0168074	1
0.0166303	1
0.016455	1
0.0162815	1
0.0161099	1
0.0159401	1
0.0157721	1
0.0156058	1
0.0154413	1
0.0152786	1
0.0151175	1
0.0149582	1
0.0148005	1
0.0146445	1
0.0144901	1
0.0143374	1
0.0141863	1
0.0140367	1
0.0138888	1
0.0137424	1
0.0135975	1
0.0134542	1
0.0133124	1
0.0131721	1
0.0130332	1
0.0128958	1
0.0127599	1
0.0126254	1
0.0124923	1
0.0123606	1
0.0122304	1
0.0121014	1
0.0119739	1
0.0118477	1
0.0117228	1
0.0115992	1
0.011477	1
0.011356	1
0.0112363	1
0.0111178	1
0.0110007	1
0.0108847	1
0.01077	1
0.0106564	1
0.0105441	1
0.010433	1
0.010323	1
0.0102142	1
0.0101065	1
0.01	1
0.01	5.66785e-05


