#Mass	Ue	Um	Events
0.01	1.21744e-05
0.0101065	1.17707e-05
0.0102142	1.14059e-05
0.010323	1.10524e-05
0.010433	1.07099e-05
0.0105441	1.0378e-05
0.0106564	1.00564e-05
0.01077	9.74472e-06
0.0108847	9.44273e-06
0.0110007	9.1501e-06
0.0111178	8.86653e-06
0.0112363	8.59176e-06
0.011356	8.3255e-06
0.011477	8.06749e-06
0.0115992	7.81747e-06
0.0117228	7.57521e-06
0.0118477	7.34045e-06
0.0119739	7.11297e-06
0.0121014	6.89253e-06
0.0122304	6.69397e-06
0.0123606	6.48652e-06
0.0124923	6.2855e-06
0.0126254	6.09071e-06
0.0127599	5.90196e-06
0.0128958	5.71905e-06
0.0130332	5.54182e-06
0.0131721	5.38217e-06
0.0133124	5.21537e-06
0.0134542	5.05374e-06
0.0135975	4.89713e-06
0.0137424	4.75605e-06
0.0138888	4.60866e-06
0.0140367	4.46583e-06
0.0141863	4.32743e-06
0.0143374	4.20277e-06
0.0144901	4.07252e-06
0.0146445	3.94631e-06
0.0148005	3.83262e-06
0.0149582	3.71385e-06
0.0151175	3.59876e-06
0.0152786	3.49508e-06
0.0154413	3.38677e-06
0.0156058	3.2892e-06
0.0157721	3.18726e-06
0.0159401	3.09544e-06
0.0161099	2.99951e-06
0.0162815	2.9131e-06
0.016455	2.82282e-06
0.0166303	2.7415e-06
0.0168074	2.66252e-06
0.0169865	2.58001e-06
0.0171674	2.50568e-06
0.0173503	2.4335e-06
0.0175351	2.35808e-06
0.0177219	2.29015e-06
0.0179107	2.22417e-06
0.0181015	2.16009e-06
0.0182944	2.09315e-06
0.0184893	2.03285e-06
0.0186862	1.97429e-06
0.0188853	1.91741e-06
0.0190865	1.86217e-06
0.0192898	1.80852e-06
0.0194953	1.75642e-06
0.019703	1.70582e-06
0.0199129	1.65668e-06
0.020125	1.61257e-06
0.0203394	1.56612e-06
0.0205561	1.521e-06
0.0207751	1.47718e-06
0.0209964	1.43785e-06
0.02122	1.39643e-06
0.0214461	1.35925e-06
0.0216746	1.3201e-06
0.0219055	1.28495e-06
0.0221388	1.24793e-06
0.0223747	1.21471e-06
0.022613	1.18237e-06
0.0228539	1.15089e-06
0.0230974	1.12025e-06
0.0233434	1.09043e-06
0.0235921	1.0614e-06
0.0238434	1.03314e-06
0.0240974	1.0079e-06
0.0243542	9.81068e-07
0.0246136	9.57099e-07
0.0248758	9.31619e-07
0.0251408	9.08858e-07
0.0254086	8.86653e-07
0.0256793	8.64991e-07
0.0259529	8.45758e-07
0.0262293	8.25095e-07
0.0265088	8.06749e-07
0.0267912	7.8881e-07
0.0270766	7.71271e-07
0.027365	7.54122e-07
0.0276565	7.39013e-07
0.0279512	7.24208e-07
0.0282489	7.09699e-07
0.0285499	6.95481e-07
0.028854	6.83082e-07
0.0291614	6.72414e-07
0.029472	6.61913e-07
0.029786	6.53042e-07
0.0301033	6.44291e-07
0.030424	6.37088e-07
0.0307481	6.31383e-07
0.0310757	6.2855e-07
0.0314067	6.2573e-07
0.0317413	6.27138e-07
0.0320794	6.31383e-07
0.0324212	6.414e-07
0.0327666	6.58943e-07
0.0331156	6.89253e-07
0.0334684	7.50738e-07
0.0338249	9.48529e-07
0.0341853	1.32307e-06
0.0345494	1.28495e-06
0.0349175	1.25074e-06
0.0352895	1.21744e-06
0.0356654	1.18503e-06
0.0360454	1.15089e-06
0.0364293	1.12025e-06
0.0368174	1.09043e-06
0.0372096	1.0614e-06
0.037606	1.03314e-06
0.0380066	1.00338e-06
0.0384115	9.76666e-07
0.0388207	9.50665e-07
0.0392343	9.25355e-07
0.0396522	9.0072e-07
0.0400747	8.76741e-07
0.0405016	8.53399e-07
0.040933	8.3068e-07
0.0413691	8.10385e-07
0.0418098	7.8881e-07
0.0422552	7.6781e-07
0.0427053	7.47369e-07
0.0431603	7.27472e-07
0.0436201	7.08105e-07
0.0440848	6.90805e-07
0.0445544	6.72414e-07
0.045029	6.54513e-07
0.0455087	6.37088e-07
0.0459935	6.21523e-07
0.0464835	6.04976e-07
0.0469787	5.8887e-07
0.0474791	5.74483e-07
0.0479849	5.59189e-07
0.0484961	5.44302e-07
0.0490127	5.31004e-07
0.0495349	5.16867e-07
0.0500626	5.03107e-07
0.0505959	4.90815e-07
0.0511349	4.77748e-07
0.0516796	4.66076e-07
0.0522302	4.53668e-07
0.0527866	4.4159e-07
0.0533489	4.30802e-07
0.0539172	4.19333e-07
0.0544916	4.08169e-07
0.0550721	3.98197e-07
0.0556588	3.87596e-07
0.0562517	3.78126e-07
0.056851	3.68059e-07
0.0574566	3.58261e-07
0.0580687	3.48723e-07
0.0586873	3.40203e-07
0.0593125	3.31146e-07
0.0599443	3.2233e-07
0.0605829	3.13749e-07
0.0612283	3.05396e-07
0.0618806	2.97935e-07
0.0625398	2.90003e-07
0.063206	2.82282e-07
0.0638794	2.74767e-07
0.0645599	2.67452e-07
0.0652476	2.60332e-07
0.0659427	2.52832e-07
0.0666452	2.46101e-07
0.0673551	2.39549e-07
0.0680727	2.33172e-07
0.0687979	2.26454e-07
0.0695308	2.20425e-07
0.0702715	2.14557e-07
0.0710201	2.08376e-07
0.0717766	2.02828e-07
0.0725413	1.96985e-07
0.0733141	1.9131e-07
0.0740951	1.86217e-07
0.0748844	1.80852e-07
0.0756821	1.75642e-07
0.0764884	1.70582e-07
0.0773032	1.65668e-07
0.0781267	1.60895e-07
0.078959	1.5626e-07
0.0798002	1.51758e-07
0.0806503	1.47386e-07
0.0815094	1.4314e-07
0.0823778	1.38704e-07
0.0832553	1.34708e-07
0.0841422	1.30828e-07
0.0850386	1.26773e-07
0.0859445	1.23121e-07
0.0868601	1.19574e-07
0.0877854	1.15868e-07
0.0887206	1.1253e-07
0.0896657	1.09043e-07
0.0906209	1.05902e-07
0.0915863	1.0262e-07
0.092562	9.96633e-08
0.093548	9.65747e-08
0.0945446	9.37925e-08
0.0955518	9.08858e-08
0.0965697	8.82675e-08
0.0975984	8.55321e-08
0.0986382	8.3068e-08
0.0996889	8.04937e-08
0.100751	7.81747e-08
0.101824	7.57521e-08
0.102909	7.35697e-08
0.104005	7.12898e-08
0.105113	6.9236e-08
0.106233	6.70904e-08
0.107365	6.51576e-08
0.108508	6.31383e-08
0.109664	6.13194e-08
0.110833	5.95528e-08
0.112013	5.77073e-08
0.113207	5.60448e-08
0.114413	5.43079e-08
0.115631	5.27434e-08
0.116863	5.11088e-08
0.118108	4.96365e-08
0.119366	4.82065e-08
0.120638	4.67126e-08
0.121923	4.53668e-08
0.123222	4.39609e-08
0.124535	4.26944e-08
0.125861	4.14644e-08
0.127202	4.01794e-08
0.128557	3.90219e-08
0.129927	3.78126e-08
0.131311	3.67233e-08
0.13271	3.55852e-08
0.134123	3.456e-08
0.135552	3.3489e-08
0.136996	3.24512e-08
0.138456	3.15163e-08
0.139931	3.05396e-08
0.141421	2.9131e-08
0.142928	2.7292e-08
0.144451	2.52264e-08
0.145989	2.31604e-08
0.147545	2.11682e-08
0.149116	1.93473e-08
0.150705	1.77229e-08
0.15231	1.62714e-08
0.153933	1.49725e-08
0.155573	1.38393e-08
0.15723	1.27919e-08
0.158905	1.19037e-08
0.160598	1.10773e-08
0.162309	1.03547e-08
0.164038	9.701e-09
0.165785	9.10904e-09
0.167551	8.59176e-09
0.169336	8.10385e-09
0.17114	7.64365e-09
0.172963	7.24208e-09
0.174806	6.87705e-09
0.176668	6.53042e-09
0.17855	6.21523e-09
0.180452	5.91524e-09
0.182375	5.64241e-09
0.184317	5.39428e-09
0.186281	5.15706e-09
0.188265	4.93027e-09
0.190271	4.72407e-09
0.192298	4.52649e-09
0.194347	4.34694e-09
0.196417	4.17451e-09
0.198509	4.00892e-09
0.200624	3.9286e-09
0.202761	3.78126e-09
0.204921	3.63944e-09
0.207104	3.51083e-09
0.209311	3.37916e-09
0.21154	3.25974e-09
0.213794	3.14455e-09
0.216071	3.04026e-09
0.218373	2.93282e-09
0.2207	2.83555e-09
0.223051	2.7415e-09
0.225427	2.65057e-09
0.227828	2.56266e-09
0.230255	2.48324e-09
0.232708	2.40088e-09
0.235187	2.32648e-09
0.237693	2.25438e-09
0.240225	2.18452e-09
0.242784	2.11682e-09
0.24537	2.03285e-09
0.247984	1.91741e-09
0.250626	1.82897e-09
0.253296	1.75248e-09
0.255994	1.68296e-09
0.258721	1.61984e-09
0.261478	1.55909e-09
0.264263	1.50062e-09
0.267078	1.44759e-09
0.269923	1.39643e-09
0.272799	1.35012e-09
0.275705	1.30534e-09
0.278642	1.26204e-09
0.281611	1.22019e-09
0.284611	1.18237e-09
0.287642	1.14573e-09
0.290707	1.11022e-09
0.293804	1.07582e-09
0.296933	1.04248e-09
0.300097	1.01244e-09
0.303294	9.83277e-10
0.306525	9.57099e-10
0.30979	9.29526e-10
0.31309	9.0478e-10
0.316426	8.80692e-10
0.319796	8.59176e-10
0.323203	8.36302e-10
0.326646	8.1587e-10
0.330126	7.97729e-10
0.333643	7.7824e-10
0.337197	7.62648e-10
0.340789	7.4569e-10
0.34442	7.30751e-10
0.348089	7.17723e-10
0.351797	7.06515e-10
0.355545	6.95481e-10
0.359332	6.87705e-10
0.36316	6.81547e-10
0.367029	6.78489e-10
0.370939	6.81547e-10
0.374891	6.9236e-10
0.378884	7.17723e-10
0.382921	7.79991e-10
0.387	1.0734e-09
0.387	0.0925355
0.382921	0.100112
0.378884	0.106618
0.374891	0.113292
0.370939	0.120383
0.367029	0.127631
0.36316	0.13562
0.359332	0.143785
0.355545	0.152785
0.351797	0.161984
0.348089	0.172123
0.34442	0.182486
0.340789	0.193909
0.337197	0.206046
0.333643	0.218452
0.330126	0.232648
0.326646	0.24721
0.323203	0.262684
0.319796	0.279755
0.316426	0.297266
0.31309	0.316584
0.30979	0.337157
0.306525	0.359067
0.303294	0.383262
0.300097	0.408169
0.296933	0.435673
0.293804	0.465029
0.290707	0.497482
0.287642	0.531004
0.284611	0.56806
0.281611	0.609071
0.278642	0.651576
0.275705	0.698616
0.272799	0.749052
0.269923	0.804937
0.267078	0.864991
0.264263	0.931619
0.261478	1
0.258721	1
0.255994	1
0.253296	1
0.250626	1
0.247984	1
0.24537	1
0.242784	1
0.240225	1
0.237693	1
0.235187	1
0.232708	1
0.230255	1
0.227828	1
0.225427	1
0.223051	1
0.2207	1
0.218373	1
0.216071	1
0.213794	1
0.21154	1
0.209311	1
0.207104	1
0.204921	1
0.202761	1
0.200624	1
0.198509	1
0.196417	1
0.194347	1
0.192298	1
0.190271	1
0.188265	1
0.186281	1
0.184317	1
0.182375	1
0.180452	1
0.17855	1
0.176668	1
0.174806	1
0.172963	1
0.17114	1
0.169336	1
0.167551	1
0.165785	1
0.164038	1
0.162309	1
0.160598	1
0.158905	1
0.15723	1
0.155573	1
0.153933	1
0.15231	1
0.150705	1
0.149116	1
0.147545	1
0.145989	1
0.144451	1
0.142928	1
0.141421	1
0.139931	1
0.138456	1
0.136996	1
0.135552	1
0.134123	1
0.13271	1
0.131311	1
0.129927	1
0.128557	1
0.127202	1
0.125861	1
0.124535	1
0.123222	1
0.121923	1
0.120638	1
0.119366	1
0.118108	1
0.116863	1
0.115631	1
0.114413	1
0.113207	1
0.112013	1
0.110833	1
0.109664	1
0.108508	1
0.107365	1
0.106233	1
0.105113	1
0.104005	1
0.102909	1
0.101824	1
0.100751	1
0.0996889	1
0.0986382	1
0.0975984	1
0.0965697	1
0.0955518	1
0.0945446	1
0.093548	1
0.092562	1
0.0915863	1
0.0906209	1
0.0896657	1
0.0887206	1
0.0877854	1
0.0868601	1
0.0859445	1
0.0850386	1
0.0841422	1
0.0832553	1
0.0823778	1
0.0815094	1
0.0806503	1
0.0798002	1
0.078959	1
0.0781267	1
0.0773032	1
0.0764884	1
0.0756821	1
0.0748844	1
0.0740951	1
0.0733141	1
0.0725413	1
0.0717766	1
0.0710201	1
0.0702715	1
0.0695308	1
0.0687979	1
0.0680727	1
0.0673551	1
0.0666452	1
0.0659427	1
0.0652476	1
0.0645599	1
0.0638794	1
0.063206	1
0.0625398	1
0.0618806	1
0.0612283	1
0.0605829	1
0.0599443	1
0.0593125	1
0.0586873	1
0.0580687	1
0.0574566	1
0.056851	1
0.0562517	1
0.0556588	1
0.0550721	1
0.0544916	1
0.0539172	1
0.0533489	1
0.0527866	1
0.0522302	1
0.0516796	1
0.0511349	1
0.0505959	1
0.0500626	1
0.0495349	1
0.0490127	1
0.0484961	1
0.0479849	1
0.0474791	1
0.0469787	1
0.0464835	1
0.0459935	1
0.0455087	1
0.045029	1
0.0445544	1
0.0440848	1
0.0436201	1
0.0431603	1
0.0427053	1
0.0422552	1
0.0418098	1
0.0413691	1
0.040933	1
0.0405016	1
0.0400747	1
0.0396522	1
0.0392343	1
0.0388207	1
0.0384115	1
0.0380066	1
0.037606	1
0.0372096	1
0.0368174	1
0.0364293	1
0.0360454	1
0.0356654	1
0.0352895	1
0.0349175	1
0.0345494	1
0.0341853	1
0.0338249	1
0.0334684	1
0.0331156	1
0.0327666	1
0.0324212	1
0.0320794	1
0.0317413	1
0.0314067	1
0.0310757	1
0.0307481	1
0.030424	1
0.0301033	1
0.029786	1
0.029472	1
0.0291614	1
0.028854	1
0.0285499	1
0.0282489	1
0.0279512	1
0.0276565	1
0.027365	1
0.0270766	1
0.0267912	1
0.0265088	1
0.0262293	1
0.0259529	1
0.0256793	1
0.0254086	1
0.0251408	1
0.0248758	1
0.0246136	1
0.0243542	1
0.0240974	1
0.0238434	1
0.0235921	1
0.0233434	1
0.0230974	1
0.0228539	1
0.022613	1
0.0223747	1
0.0221388	1
0.0219055	1
0.0216746	1
0.0214461	1
0.02122	1
0.0209964	1
0.0207751	1
0.0205561	1
0.0203394	1
0.020125	1
0.0199129	1
0.019703	1
0.0194953	1
0.0192898	1
0.0190865	1
0.0188853	1
0.0186862	1
0.0184893	1
0.0182944	1
0.0181015	1
0.0179107	1
0.0177219	1
0.0175351	1
0.0173503	1
0.0171674	1
0.0169865	1
0.0168074	1
0.0166303	1
0.016455	1
0.0162815	1
0.0161099	1
0.0159401	1
0.0157721	1
0.0156058	1
0.0154413	1
0.0152786	1
0.0151175	1
0.0149582	1
0.0148005	1
0.0146445	1
0.0144901	1
0.0143374	1
0.0141863	1
0.0140367	1
0.0138888	1
0.0137424	1
0.0135975	1
0.0134542	1
0.0133124	1
0.0131721	1
0.0130332	1
0.0128958	1
0.0127599	1
0.0126254	1
0.0124923	1
0.0123606	1
0.0122304	1
0.0121014	1
0.0119739	1
0.0118477	1
0.0117228	1
0.0115992	1
0.011477	1
0.011356	1
0.0112363	1
0.0111178	1
0.0110007	1
0.0108847	1
0.01077	1
0.0106564	1
0.0105441	1
0.010433	1
0.010323	1
0.0102142	1
0.0101065	1
0.01	1
0.01	1.21744e-05


