#Mass	Ue	Ut	Events
0.01	0.377277
0.0101065	0.365585
0.0102142	0.354255
0.010323	0.343277
0.010433	0.331891
0.0105441	0.321606
0.0106564	0.311639
0.01077	0.301303
0.0108847	0.291966
0.0110007	0.282918
0.0111178	0.273534
0.0112363	0.265057
0.011356	0.256843
0.011477	0.248324
0.0115992	0.240629
0.0117228	0.233172
0.0118477	0.225946
0.0119739	0.218452
0.0121014	0.211682
0.0122304	0.205122
0.0123606	0.198319
0.0124923	0.192173
0.0126254	0.186217
0.0127599	0.180041
0.0128958	0.174461
0.0130332	0.169055
0.0131721	0.163816
0.0133124	0.158382
0.0134542	0.153474
0.0135975	0.148718
0.0137424	0.143785
0.0138888	0.139329
0.0140367	0.135012
0.0141863	0.130828
0.0143374	0.126488
0.0144901	0.122569
0.0146445	0.11877
0.0148005	0.115089
0.0149582	0.111272
0.0151175	0.108067
0.0152786	0.104718
0.0154413	0.101244
0.0156058	0.0981068
0.0157721	0.0950665
0.0159401	0.0921203
0.0161099	0.089065
0.0162815	0.0863048
0.016455	0.0836302
0.0166303	0.0810385
0.0168074	0.0785271
0.0169865	0.0760935
0.0171674	0.0737354
0.0173503	0.0712898
0.0175351	0.0690805
0.0177219	0.0669397
0.0179107	0.0647195
0.0181015	0.0627138
0.0182944	0.0607703
0.0184893	0.058887
0.0186862	0.0570621
0.0188853	0.0552937
0.0190865	0.0535801
0.0192898	0.0518031
0.0194953	0.0501977
0.019703	0.0485328
0.0199129	0.0470287
0.020125	0.0455713
0.0203394	0.044159
0.0205561	0.0427905
0.0207751	0.0414644
0.0209964	0.0401794
0.02122	0.0388468
0.0214461	0.0376429
0.0216746	0.0364764
0.0219055	0.035346
0.0221388	0.0342506
0.0223747	0.0331891
0.022613	0.0320884
0.0228539	0.0310939
0.0230974	0.0301303
0.0233434	0.0291966
0.0235921	0.0282918
0.0238434	0.027415
0.0240974	0.0265654
0.0243542	0.0256843
0.0246136	0.0248883
0.0248758	0.0241171
0.0251408	0.0233697
0.0254086	0.0226454
0.0256793	0.0219436
0.0259529	0.0212636
0.0262293	0.0205584
0.0265088	0.0199212
0.0267912	0.0193039
0.0270766	0.0187056
0.027365	0.018126
0.0276565	0.0175642
0.0279512	0.0169817
0.0282489	0.0164554
0.0285499	0.0159454
0.028854	0.0154513
0.0291614	0.0149725
0.029472	0.0145085
0.029786	0.0140588
0.0301033	0.0135925
0.030424	0.0131713
0.0307481	0.0127631
0.0310757	0.0123676
0.0314067	0.0119843
0.0317413	0.0116129
0.0320794	0.0112278
0.0324212	0.0108798
0.0327666	0.0105426
0.0331156	0.0102159
0.0334684	0.00989932
0.0338249	0.00959254
0.0341853	0.00929526
0.0345494	0.00898697
0.0349175	0.00870846
0.0352895	0.00843858
0.0356654	0.00817707
0.0360454	0.00792366
0.0364293	0.0076781
0.0368174	0.00742344
0.0372096	0.00719339
0.037606	0.00697046
0.0380066	0.00675445
0.0384115	0.00654513
0.0388207	0.00634229
0.0392343	0.00613194
0.0396522	0.00594191
0.0400747	0.00575776
0.0405016	0.00557933
0.040933	0.00540642
0.0413691	0.00523888
0.0418098	0.00506512
0.0422552	0.00490815
0.0427053	0.00475605
0.0431603	0.00460866
0.0436201	0.00446583
0.0440848	0.00431771
0.0445544	0.00418391
0.045029	0.00405425
0.0455087	0.0039286
0.0459935	0.00380686
0.0464835	0.00368059
0.0469787	0.00356653
0.0474791	0.003456
0.0479849	0.0033489
0.0484961	0.00323783
0.0490127	0.00313749
0.0495349	0.00304026
0.0500626	0.00293942
0.0505959	0.00285474
0.0511349	0.00276006
0.0516796	0.00267452
0.0522302	0.00259164
0.0527866	0.00251132
0.0533489	0.0024335
0.0539172	0.00235808
0.0544916	0.002285
0.0550721	0.00221419
0.0556588	0.00214557
0.0562517	0.00207441
0.056851	0.00201012
0.0574566	0.00194783
0.0580687	0.00188746
0.0586873	0.00182897
0.0593125	0.00177229
0.0599443	0.00171737
0.0605829	0.00166415
0.0612283	0.00161257
0.0618806	0.0015626
0.0625398	0.00151077
0.063206	0.00146395
0.0638794	0.00141859
0.0645599	0.00137462
0.0652476	0.00133202
0.0659427	0.00129074
0.0666452	0.00125074
0.0673551	0.00121198
0.0680727	0.00117442
0.0687979	0.00113803
0.0695308	0.00110276
0.0702715	0.00106618
0.0710201	0.00103314
0.0717766	0.00100112
0.0725413	0.0009701
0.0733141	0.000940036
0.0740951	0.000910904
0.0748844	0.000882675
0.0756821	0.000855321
0.0764884	0.000828814
0.0773032	0.000803129
0.0781267	0.00077824
0.078959	0.000754122
0.0798002	0.000730751
0.0806503	0.000706515
0.0815094	0.000684619
0.0823778	0.000663403
0.0832553	0.000642844
0.0841422	0.000622922
0.0850386	0.000603617
0.0859445	0.000584911
0.0868601	0.000566785
0.0877854	0.00054922
0.0887206	0.000532199
0.0896657	0.000515706
0.0906209	0.000499724
0.0915863	0.000484238
0.092562	0.000469231
0.093548	0.000453668
0.0945446	0.000439609
0.0955518	0.000425985
0.0965697	0.000412784
0.0975984	0.000399992
0.0986382	0.000387596
0.0996889	0.000375584
0.100751	0.000363944
0.101824	0.000352666
0.102909	0.000341737
0.104005	0.000330402
0.105113	0.000320163
0.106233	0.000310241
0.107365	0.000300627
0.108508	0.00029131
0.109664	0.000282282
0.110833	0.000273534
0.112013	0.000265057
0.113207	0.000256843
0.114413	0.000248883
0.115631	0.000241171
0.116863	0.000233697
0.118108	0.000226454
0.119366	0.000219436
0.120638	0.000212636
0.121923	0.000206046
0.123222	0.000199212
0.124535	0.000193039
0.125861	0.000187056
0.127202	0.00018126
0.128557	0.000175642
0.129927	0.000169817
0.131311	0.000164554
0.13271	0.000159454
0.134123	0.000154513
0.135552	0.000149725
0.136996	0.000144759
0.138456	0.000140273
0.139931	0.000135925
0.141421	0.000129365
0.142928	0.000120926
0.144451	0.000111523
0.145989	0.000102159
0.147545	9.33716e-05
0.149116	8.51483e-05
0.150705	7.7824e-05
0.15231	7.14503e-05
0.153933	6.55986e-05
0.155573	6.03617e-05
0.15723	5.59189e-05
0.158905	5.18031e-05
0.160598	4.82065e-05
0.162309	4.49606e-05
0.164038	4.20277e-05
0.165785	3.94631e-05
0.167551	3.70551e-05
0.169336	3.48723e-05
0.17114	3.2966e-05
0.172963	3.10939e-05
0.174806	2.94604e-05
0.176668	2.79755e-05
0.17855	2.65654e-05
0.180452	2.52264e-05
0.182375	2.40629e-05
0.184317	2.29015e-05
0.186281	2.17961e-05
0.188265	2.08845e-05
0.190271	2.0011e-05
0.192298	1.92173e-05
0.194347	1.84135e-05
0.196417	1.76831e-05
0.198509	1.70199e-05
0.200624	1.64554e-05
0.202761	1.58382e-05
0.204921	1.52442e-05
0.207104	1.46725e-05
0.209311	1.4154e-05
0.21154	1.36538e-05
0.213794	1.31713e-05
0.216071	1.27059e-05
0.218373	1.22844e-05
0.2207	1.18503e-05
0.223051	1.14573e-05
0.225427	1.10773e-05
0.227828	1.07099e-05
0.230255	1.0378e-05
0.232708	1.00338e-05
0.235187	9.72284e-06
0.237693	9.42152e-06
0.240225	9.12698e-06
0.242784	8.83916e-06
0.24537	8.57487e-06
0.247984	8.31848e-06
0.250626	8.06976e-06
0.253296	7.82847e-06
0.255994	7.59439e-06
0.258721	7.36732e-06
0.261478	7.1591e-06
0.264263	6.95676e-06
0.267078	6.74875e-06
0.269923	6.55802e-06
0.272799	6.37267e-06
0.275705	6.19256e-06
0.278642	6.0277e-06
0.281611	5.85734e-06
0.284611	5.69179e-06
0.287642	5.54026e-06
0.290707	5.38368e-06
0.293804	5.24035e-06
0.296933	5.10084e-06
0.300097	4.96504e-06
0.303294	4.83286e-06
0.306525	4.7042e-06
0.30979	4.57896e-06
0.31309	4.45705e-06
0.316426	4.3384e-06
0.319796	4.23002e-06
0.323203	4.11741e-06
0.326646	4.01456e-06
0.330126	3.90768e-06
0.333643	3.81007e-06
0.337197	3.72116e-06
0.340789	3.63433e-06
0.34442	3.54953e-06
0.348089	3.46086e-06
0.351797	3.37441e-06
0.355545	3.29012e-06
0.359332	3.21335e-06
0.36316	3.13308e-06
0.367029	3.05997e-06
0.370939	2.98354e-06
0.374891	2.91392e-06
0.378884	2.84113e-06
0.382921	2.77484e-06
0.387	2.71009e-06
0.391122	2.64239e-06
0.395289	2.58073e-06
0.3995	2.51627e-06
0.403756	2.45755e-06
0.408057	2.39616e-06
0.412404	2.34025e-06
0.416798	2.28565e-06
0.421238	2.22855e-06
0.425725	2.17655e-06
0.43026	2.12576e-06
0.434844	2.07616e-06
0.439476	2.02771e-06
0.444158	1.9804e-06
0.44889	1.93093e-06
0.453672	1.88587e-06
0.458505	1.84187e-06
0.463389	1.79889e-06
0.468325	1.75692e-06
0.473315	1.71592e-06
0.478357	1.67588e-06
0.483453	1.63678e-06
0.488603	1.60398e-06
0.493808	1.56656e-06
0.499068	1.53259e-06
0.504385	1.49935e-06
0.509758	1.46437e-06
0.515189	1.4302e-06
0.520677	1.39918e-06
0.526224	1.36653e-06
0.53183	1.33465e-06
0.537495	1.3057e-06
0.543221	1.27524e-06
0.549008	1.24548e-06
0.554857	1.21642e-06
0.560767	1.18803e-06
0.566741	1.16031e-06
0.572779	1.13515e-06
0.578881	1.10866e-06
0.585047	1.08279e-06
0.59128	1.05753e-06
0.597579	1.0346e-06
0.603945	1.01045e-06
0.610379	9.86876e-07
0.616881	9.65475e-07
0.623453	9.42947e-07
0.630094	9.22499e-07
0.636807	9.02494e-07
0.64359	8.82923e-07
0.650447	8.63776e-07
0.657376	8.45045e-07
0.664379	8.28115e-07
0.671456	8.10157e-07
0.678609	7.92589e-07
0.685839	7.75401e-07
0.693145	7.58586e-07
0.700529	7.42136e-07
0.707992	7.27268e-07
0.715534	7.11497e-07
0.723156	6.96068e-07
0.73086	6.80973e-07
0.738646	6.6733e-07
0.746515	6.53961e-07
0.754467	6.40859e-07
0.762505	6.2802e-07
0.770628	6.15438e-07
0.778837	6.03109e-07
0.787134	5.9003e-07
0.795519	5.77235e-07
0.803994	5.63766e-07
0.812559	5.50611e-07
0.821215	5.37763e-07
0.829964	5.25215e-07
0.838805	5.12959e-07
0.847741	5.0099e-07
0.856772	4.893e-07
0.865899	4.77883e-07
0.875123	4.66732e-07
0.884446	4.55841e-07
0.893868	4.45956e-07
0.90339	4.36285e-07
0.913014	4.26105e-07
0.922741	4.17568e-07
0.932571	4.08513e-07
0.942505	4.00329e-07
0.952546	3.92309e-07
0.962693	3.85098e-07
0.972949	3.7802e-07
0.983313	3.71072e-07
0.993789	3.64252e-07
1.00438	3.5816e-07
1.01508	3.5217e-07
1.02589	3.46866e-07
1.03682	3.41065e-07
1.04786	3.36494e-07
1.05903	3.31425e-07
1.07031	3.27536e-07
1.08171	3.23692e-07
1.09323	3.20433e-07
1.10488	3.17742e-07
1.11665	3.15074e-07
1.12854	3.12956e-07
1.14057	3.10852e-07
1.15272	3.09805e-07
1.165	3.08762e-07
1.17741	3.07766e-07
1.18995	3.07766e-07
1.20263	3.08632e-07
1.21544	3.09066e-07
1.22839	3.10372e-07
1.24147	3.12122e-07
1.2547	3.14765e-07
1.26806	3.17876e-07
1.28157	3.2147e-07
1.29523	3.26479e-07
1.30902	3.32498e-07
1.32297	3.39105e-07
1.33706	3.47793e-07
1.35131	3.57707e-07
1.3657	3.69459e-07
1.38025	3.83208e-07
1.39495	4.00273e-07
1.40981	4.21045e-07
1.42483	4.44767e-07
1.44001	4.73803e-07
1.45535	5.06156e-07
1.47086	5.44531e-07
1.48653	5.84172e-07
1.50236	6.26698e-07
1.51837	6.72319e-07
1.53454	7.36629e-07
1.55089	8.37125e-07
1.56741	1.00992e-06
1.58411	1.36668e-06
1.58411	5.49567e-06
1.56741	7.29264e-06
1.55089	8.81435e-06
1.53454	1.02245e-05
1.51837	1.16031e-05
1.50236	1.29911e-05
1.48653	1.44962e-05
1.47086	1.60669e-05
1.45535	1.78078e-05
1.44001	1.96377e-05
1.42483	2.16192e-05
1.40981	2.37204e-05
1.39495	2.59382e-05
1.38025	2.83634e-05
1.3657	3.08589e-05
1.35131	3.35738e-05
1.33706	3.65277e-05
1.32297	3.96076e-05
1.30902	4.29472e-05
1.29523	4.64899e-05
1.28157	5.03248e-05
1.26806	5.44761e-05
1.2547	5.88705e-05
1.24147	6.36193e-05
1.22839	6.86353e-05
1.21544	7.41719e-05
1.20263	8.00199e-05
1.18995	8.63291e-05
1.17741	9.31357e-05
1.165	0.000100338
1.15272	0.000108067
1.14057	0.000116653
1.12854	0.000125638
1.11665	0.000135316
1.10488	0.000145738
1.09323	0.000156964
1.08171	0.000168675
1.07031	0.000181668
1.05903	0.000195221
1.04786	0.000209786
1.03682	0.000225438
1.02589	0.000241713
1.01508	0.000259164
1.00438	0.000277874
0.993789	0.000297935
0.983313	0.000319444
0.972949	0.000343277
0.962693	0.000368059
0.952546	0.000394631
0.942505	0.000423121
0.932571	0.000453668
0.922741	0.00048642
0.913014	0.000522711
0.90339	0.000560448
0.893868	0.000600909
0.884446	0.000644291
0.875123	0.000690805
0.865899	0.000740677
0.856772	0.000792366
0.847741	0.00084957
0.838805	0.000908858
0.829964	0.000972284
0.821215	0.00104014
0.812559	0.00111272
0.803994	0.0011877
0.795519	0.00126488
0.787134	0.00134708
0.778837	0.0014314
0.770628	0.001521
0.762505	0.00161257
0.754467	0.00171351
0.746515	0.00181668
0.738646	0.00192605
0.73086	0.00204201
0.723156	0.00216983
0.715534	0.00230047
0.707992	0.00243897
0.700529	0.00258582
0.693145	0.0027415
0.685839	0.00290656
0.678609	0.00307463
0.671456	0.00325974
0.664379	0.003456
0.657376	0.00366408
0.650447	0.00387596
0.64359	0.00410932
0.636807	0.00434694
0.630094	0.00460866
0.623453	0.00487515
0.616881	0.00516867
0.610379	0.00546755
0.603945	0.00578372
0.597579	0.00611816
0.59128	0.00647195
0.585047	0.00684619
0.578881	0.00725838
0.572779	0.0076781
0.566741	0.00812209
0.560767	0.00857246
0.554857	0.00906817
0.549008	0.00959254
0.543221	0.0101472
0.537495	0.010734
0.53183	0.0113547
0.526224	0.0120113
0.520677	0.0126773
0.515189	0.0134104
0.509758	0.0141859
0.504385	0.0150062
0.499068	0.0158382
0.493808	0.0167541
0.488603	0.0177229
0.483453	0.0187056
0.478357	0.0197873
0.473315	0.0209315
0.468325	0.0220922
0.463389	0.0233697
0.458505	0.024721
0.453672	0.0261505
0.44889	0.0276006
0.444158	0.0291966
0.439476	0.0308849
0.434844	0.0326708
0.43026	0.0344824
0.425725	0.0364764
0.421238	0.0385856
0.416798	0.0408169
0.412404	0.0431771
0.408057	0.0456739
0.403756	0.048315
0.3995	0.0511088
0.395289	0.0540642
0.391122	0.0571905
0.387	0.0604976
0.382921	0.0639959
0.378884	0.0678489
0.374891	0.0717723
0.370939	0.0759226
0.367029	0.0804937
0.36316	0.0851483
0.359332	0.0902748
0.355545	0.095495
0.351797	0.101244
0.348089	0.10734
0.34442	0.113803
0.340789	0.120383
0.337197	0.127631
0.333643	0.13562
0.330126	0.143785
0.326646	0.152442
0.323203	0.16162
0.319796	0.171737
0.316426	0.182077
0.31309	0.193473
0.30979	0.205584
0.306525	0.218452
0.303294	0.232125
0.300097	0.246655
0.296933	0.262094
0.293804	0.279126
0.290707	0.296598
0.287642	0.315872
0.284611	0.3364
0.281611	0.358261
0.278642	0.381543
0.275705	0.407252
0.272799	0.433718
0.269923	0.462943
0.267078	0.494137
0.264263	0.527434
0.261478	0.564241
0.258721	0.603617
0.255994	0.644291
0.253296	0.690805
0.250626	0.739013
0.247984	0.792366
0.24537	0.847662
0.242784	0.910904
0.240225	0.976666
0.237693	1
0.235187	1
0.232708	1
0.230255	1
0.227828	1
0.225427	1
0.223051	1
0.2207	1
0.218373	1
0.216071	1
0.213794	1
0.21154	1
0.209311	1
0.207104	1
0.204921	1
0.202761	1
0.200624	1
0.198509	1
0.196417	1
0.194347	1
0.192298	1
0.190271	1
0.188265	1
0.186281	1
0.184317	1
0.182375	1
0.180452	1
0.17855	1
0.176668	1
0.174806	1
0.172963	1
0.17114	1
0.169336	1
0.167551	1
0.165785	1
0.164038	1
0.162309	1
0.160598	1
0.158905	1
0.15723	1
0.155573	1
0.153933	1
0.15231	1
0.150705	1
0.149116	1
0.147545	1
0.145989	1
0.144451	1
0.142928	1
0.141421	1
0.139931	1
0.138456	1
0.136996	1
0.135552	1
0.134123	1
0.13271	1
0.131311	1
0.129927	1
0.128557	1
0.127202	1
0.125861	1
0.124535	1
0.123222	1
0.121923	1
0.120638	1
0.119366	1
0.118108	1
0.116863	1
0.115631	1
0.114413	1
0.113207	1
0.112013	1
0.110833	1
0.109664	1
0.108508	1
0.107365	1
0.106233	1
0.105113	1
0.104005	1
0.102909	1
0.101824	1
0.100751	1
0.0996889	1
0.0986382	1
0.0975984	1
0.0965697	1
0.0955518	1
0.0945446	1
0.093548	1
0.092562	1
0.0915863	1
0.0906209	1
0.0896657	1
0.0887206	1
0.0877854	1
0.0868601	1
0.0859445	1
0.0850386	1
0.0841422	1
0.0832553	1
0.0823778	1
0.0815094	1
0.0806503	1
0.0798002	1
0.078959	1
0.0781267	1
0.0773032	1
0.0764884	1
0.0756821	1
0.0748844	1
0.0740951	1
0.0733141	1
0.0725413	1
0.0717766	1
0.0710201	1
0.0702715	1
0.0695308	1
0.0687979	1
0.0680727	1
0.0673551	1
0.0666452	1
0.0659427	1
0.0652476	1
0.0645599	1
0.0638794	1
0.063206	1
0.0625398	1
0.0618806	1
0.0612283	1
0.0605829	1
0.0599443	1
0.0593125	1
0.0586873	1
0.0580687	1
0.0574566	1
0.056851	1
0.0562517	1
0.0556588	1
0.0550721	1
0.0544916	1
0.0539172	1
0.0533489	1
0.0527866	1
0.0522302	1
0.0516796	1
0.0511349	1
0.0505959	1
0.0500626	1
0.0495349	1
0.0490127	1
0.0484961	1
0.0479849	1
0.0474791	1
0.0469787	1
0.0464835	1
0.0459935	1
0.0455087	1
0.045029	1
0.0445544	1
0.0440848	1
0.0436201	1
0.0431603	1
0.0427053	1
0.0422552	1
0.0418098	1
0.0413691	1
0.040933	1
0.0405016	1
0.0400747	1
0.0396522	1
0.0392343	1
0.0388207	1
0.0384115	1
0.0380066	1
0.037606	1
0.0372096	1
0.0368174	1
0.0364293	1
0.0360454	1
0.0356654	1
0.0352895	1
0.0349175	1
0.0345494	1
0.0341853	1
0.0338249	1
0.0334684	1
0.0331156	1
0.0327666	1
0.0324212	1
0.0320794	1
0.0317413	1
0.0314067	1
0.0310757	1
0.0307481	1
0.030424	1
0.0301033	1
0.029786	1
0.029472	1
0.0291614	1
0.028854	1
0.0285499	1
0.0282489	1
0.0279512	1
0.0276565	1
0.027365	1
0.0270766	1
0.0267912	1
0.0265088	1
0.0262293	1
0.0259529	1
0.0256793	1
0.0254086	1
0.0251408	1
0.0248758	1
0.0246136	1
0.0243542	1
0.0240974	1
0.0238434	1
0.0235921	1
0.0233434	1
0.0230974	1
0.0228539	1
0.022613	1
0.0223747	1
0.0221388	1
0.0219055	1
0.0216746	1
0.0214461	1
0.02122	1
0.0209964	1
0.0207751	1
0.0205561	1
0.0203394	1
0.020125	1
0.0199129	1
0.019703	1
0.0194953	1
0.0192898	1
0.0190865	1
0.0188853	1
0.0186862	1
0.0184893	1
0.0182944	1
0.0181015	1
0.0179107	1
0.0177219	1
0.0175351	1
0.0173503	1
0.0171674	1
0.0169865	1
0.0168074	1
0.0166303	1
0.016455	1
0.0162815	1
0.0161099	1
0.0159401	1
0.0157721	1
0.0156058	1
0.0154413	1
0.0152786	1
0.0151175	1
0.0149582	1
0.0148005	1
0.0146445	1
0.0144901	1
0.0143374	1
0.0141863	1
0.0140367	1
0.0138888	1
0.0137424	1
0.0135975	1
0.0134542	1
0.0133124	1
0.0131721	1
0.0130332	1
0.0128958	1
0.0127599	1
0.0126254	1
0.0124923	1
0.0123606	1
0.0122304	1
0.0121014	1
0.0119739	1
0.0118477	1
0.0117228	1
0.0115992	1
0.011477	1
0.011356	1
0.0112363	1
0.0111178	1
0.0110007	1
0.0108847	1
0.01077	1
0.0106564	1
0.0105441	1
0.010433	1
0.010323	1
0.0102142	1
0.0101065	1
0.01	1
0.01	0.377277


