#Mass	Um	Ut	Events
0.01	3.25242e-05
0.0101065	3.15163e-05
0.0102142	3.05396e-05
0.010323	2.95932e-05
0.010433	2.86761e-05
0.0105441	2.77874e-05
0.0106564	2.69262e-05
0.01077	2.60918e-05
0.0108847	2.52832e-05
0.0110007	2.44997e-05
0.0111178	2.36871e-05
0.0112363	2.2953e-05
0.011356	2.22417e-05
0.011477	2.15524e-05
0.0115992	2.08845e-05
0.0117228	2.02828e-05
0.0118477	1.96543e-05
0.0119739	1.90452e-05
0.0121014	1.8455e-05
0.0122304	1.7883e-05
0.0123606	1.73288e-05
0.0124923	1.67918e-05
0.0126254	1.62714e-05
0.0127599	1.57672e-05
0.0128958	1.52785e-05
0.0130332	1.48384e-05
0.0131721	1.43785e-05
0.0133124	1.39329e-05
0.0134542	1.35012e-05
0.0135975	1.30828e-05
0.0137424	1.27059e-05
0.0138888	1.23121e-05
0.0140367	1.19305e-05
0.0141863	1.15608e-05
0.0143374	1.12278e-05
0.0144901	1.08798e-05
0.0146445	1.05426e-05
0.0148005	1.02389e-05
0.0149582	9.92161e-06
0.0151175	9.61413e-06
0.0152786	9.33716e-06
0.0154413	9.0478e-06
0.0156058	8.78714e-06
0.0157721	8.51483e-06
0.0159401	8.26952e-06
0.0161099	8.01325e-06
0.0162815	7.7824e-06
0.016455	7.54122e-06
0.0166303	7.32396e-06
0.0168074	7.09699e-06
0.0169865	6.89253e-06
0.0171674	6.69397e-06
0.0173503	6.48652e-06
0.0175351	6.29965e-06
0.0177219	6.11816e-06
0.0179107	5.94191e-06
0.0181015	5.75776e-06
0.0182944	5.59189e-06
0.0184893	5.43079e-06
0.0186862	5.27434e-06
0.0188853	5.12239e-06
0.0190865	4.97482e-06
0.0192898	4.8315e-06
0.0194953	4.69231e-06
0.019703	4.55713e-06
0.0199129	4.42584e-06
0.020125	4.29834e-06
0.0203394	4.17451e-06
0.0205561	4.06337e-06
0.0207751	3.94631e-06
0.0209964	3.83262e-06
0.02122	3.73059e-06
0.0214461	3.62311e-06
0.0216746	3.52666e-06
0.0219055	3.42506e-06
0.0221388	3.33387e-06
0.0223747	3.24512e-06
0.022613	3.15872e-06
0.0228539	3.07463e-06
0.0230974	2.99278e-06
0.0233434	2.9131e-06
0.0235921	2.83555e-06
0.0238434	2.76006e-06
0.0240974	2.68658e-06
0.0243542	2.62094e-06
0.0246136	2.55116e-06
0.0248758	2.48883e-06
0.0251408	2.42803e-06
0.0254086	2.36871e-06
0.0256793	2.31084e-06
0.0259529	2.25438e-06
0.0262293	2.20425e-06
0.0265088	2.1504e-06
0.0267912	2.10259e-06
0.0270766	2.05584e-06
0.027365	2.01465e-06
0.0276565	1.96985e-06
0.0279512	1.93039e-06
0.0282489	1.89171e-06
0.0285499	1.85799e-06
0.028854	1.82486e-06
0.0291614	1.79233e-06
0.029472	1.76434e-06
0.029786	1.74069e-06
0.0301033	1.71737e-06
0.030424	1.69817e-06
0.0307481	1.68675e-06
0.0310757	1.67541e-06
0.0314067	1.67165e-06
0.0317413	1.67541e-06
0.0320794	1.68675e-06
0.0324212	1.71351e-06
0.0327666	1.75642e-06
0.0331156	1.84135e-06
0.0334684	2.00561e-06
0.0338249	2.52832e-06
0.0341853	3.52666e-06
0.0345494	3.43277e-06
0.0349175	3.34138e-06
0.0352895	3.24512e-06
0.0356654	3.15872e-06
0.0360454	3.07463e-06
0.0364293	2.99278e-06
0.0368174	2.90656e-06
0.0372096	2.82918e-06
0.037606	2.75386e-06
0.0380066	2.68054e-06
0.0384115	2.60918e-06
0.0388207	2.53972e-06
0.0392343	2.4721e-06
0.0396522	2.40629e-06
0.0400747	2.34223e-06
0.0405016	2.27987e-06
0.040933	2.21917e-06
0.0413691	2.16009e-06
0.0418098	2.10259e-06
0.0422552	2.04661e-06
0.0427053	1.99212e-06
0.0431603	1.94345e-06
0.0436201	1.89171e-06
0.0440848	1.84135e-06
0.0445544	1.79233e-06
0.045029	1.74461e-06
0.0455087	1.70199e-06
0.0459935	1.65668e-06
0.0464835	1.61257e-06
0.0469787	1.57318e-06
0.0474791	1.53129e-06
0.0479849	1.49053e-06
0.0484961	1.45411e-06
0.0490127	1.4154e-06
0.0495349	1.37772e-06
0.0500626	1.34406e-06
0.0505959	1.30828e-06
0.0511349	1.27631e-06
0.0516796	1.24233e-06
0.0522302	1.20926e-06
0.0527866	1.17972e-06
0.0533489	1.14831e-06
0.0539172	1.11774e-06
0.0544916	1.09043e-06
0.0550721	1.0614e-06
0.0556588	1.03547e-06
0.0562517	1.0079e-06
0.056851	9.81068e-07
0.0574566	9.57099e-07
0.0580687	9.31619e-07
0.0586873	9.06817e-07
0.0593125	8.82675e-07
0.0599443	8.6111e-07
0.0605829	8.38185e-07
0.0612283	8.1587e-07
0.0618806	7.9415e-07
0.0625398	7.73007e-07
0.063206	7.52428e-07
0.0638794	7.32396e-07
0.0645599	7.12898e-07
0.0652476	6.93919e-07
0.0659427	6.75445e-07
0.0666452	6.57463e-07
0.0673551	6.38522e-07
0.0680727	6.21523e-07
0.0687979	6.04976e-07
0.0695308	5.87547e-07
0.0702715	5.71905e-07
0.0710201	5.55429e-07
0.0717766	5.40642e-07
0.0725413	5.25067e-07
0.0733141	5.11088e-07
0.0740951	4.96365e-07
0.0748844	4.82065e-07
0.0756821	4.68177e-07
0.0764884	4.54689e-07
0.0773032	4.4159e-07
0.0781267	4.28869e-07
0.078959	4.16513e-07
0.0798002	4.04514e-07
0.0806503	3.9286e-07
0.0815094	3.81543e-07
0.0823778	3.70551e-07
0.0832553	3.59067e-07
0.0841422	3.48723e-07
0.0850386	3.38677e-07
0.0859445	3.28181e-07
0.0868601	3.18726e-07
0.0877854	3.09544e-07
0.0887206	2.99951e-07
0.0896657	2.9131e-07
0.0906209	2.82282e-07
0.0915863	2.7415e-07
0.092562	2.65654e-07
0.093548	2.58001e-07
0.0945446	2.50005e-07
0.0955518	2.42803e-07
0.0965697	2.35278e-07
0.0975984	2.27987e-07
0.0986382	2.21419e-07
0.0996889	2.14557e-07
0.100751	2.08376e-07
0.101824	2.01918e-07
0.102909	1.96101e-07
0.104005	1.90024e-07
0.105113	1.8455e-07
0.106233	1.79233e-07
0.107365	1.73679e-07
0.108508	1.68675e-07
0.109664	1.63448e-07
0.110833	1.58739e-07
0.112013	1.5382e-07
0.113207	1.49388e-07
0.114413	1.45085e-07
0.115631	1.40588e-07
0.116863	1.36538e-07
0.118108	1.32307e-07
0.119366	1.28495e-07
0.120638	1.24793e-07
0.121923	1.20926e-07
0.123222	1.17442e-07
0.124535	1.13803e-07
0.125861	1.10524e-07
0.127202	1.0734e-07
0.128557	1.04014e-07
0.129927	1.01017e-07
0.131311	9.81068e-08
0.13271	9.50665e-08
0.134123	9.23277e-08
0.135552	8.96678e-08
0.136996	8.6889e-08
0.138456	8.43858e-08
0.139931	8.17707e-08
0.141421	7.9415e-08
0.142928	7.71271e-08
0.144451	7.47369e-08
0.145989	7.25838e-08
0.147545	7.04928e-08
0.149116	6.83082e-08
0.150705	6.63403e-08
0.15231	6.44291e-08
0.153933	6.24324e-08
0.155573	6.06338e-08
0.15723	5.8887e-08
0.158905	5.70621e-08
0.160598	5.54182e-08
0.162309	5.38217e-08
0.164038	5.21537e-08
0.165785	5.06512e-08
0.167551	4.9192e-08
0.169336	4.76675e-08
0.17114	4.62943e-08
0.172963	4.48596e-08
0.174806	4.35673e-08
0.176668	4.23121e-08
0.17855	4.10009e-08
0.180452	3.98197e-08
0.182375	3.86725e-08
0.184317	3.7474e-08
0.186281	3.63944e-08
0.188265	3.52666e-08
0.190271	3.42506e-08
0.192298	3.32639e-08
0.194347	3.2233e-08
0.196417	3.13044e-08
0.198509	3.03343e-08
0.200624	2.99951e-08
0.202761	2.9131e-08
0.204921	2.82282e-08
0.207104	2.7415e-08
0.209311	2.65654e-08
0.21154	2.57421e-08
0.213794	2.50005e-08
0.216071	2.42258e-08
0.218373	2.35278e-08
0.2207	2.27987e-08
0.223051	2.20922e-08
0.225427	2.14557e-08
0.227828	2.07908e-08
0.230255	2.01465e-08
0.232708	1.95661e-08
0.235187	1.89597e-08
0.237693	1.84135e-08
0.240225	1.78429e-08
0.242784	1.72899e-08
0.24537	1.67918e-08
0.247984	1.62714e-08
0.250626	1.58027e-08
0.253296	1.53129e-08
0.255994	1.48384e-08
0.258721	1.44109e-08
0.261478	1.39643e-08
0.264263	1.3562e-08
0.267078	1.31417e-08
0.269923	1.27631e-08
0.272799	1.23954e-08
0.275705	1.20113e-08
0.278642	1.16653e-08
0.281611	1.1326e-08
0.284611	1.09874e-08
0.287642	1.06768e-08
0.290707	1.03576e-08
0.293804	1.00649e-08
0.296933	9.76666e-09
0.300097	9.48529e-09
0.303294	9.23277e-09
0.306525	8.96678e-09
0.30979	8.72806e-09
0.31309	8.4957e-09
0.316426	8.25095e-09
0.319796	8.03129e-09
0.323203	7.83507e-09
0.326646	7.62648e-09
0.330126	7.44016e-09
0.333643	7.25838e-09
0.337197	7.08105e-09
0.340789	6.90805e-09
0.34442	6.75445e-09
0.348089	6.61913e-09
0.351797	6.48652e-09
0.355545	6.38522e-09
0.359332	6.2855e-09
0.36316	6.21523e-09
0.367029	6.17344e-09
0.370939	6.17344e-09
0.374891	6.2573e-09
0.378884	6.45741e-09
0.382921	7.00188e-09
0.387	9.57099e-09
0.391122	2.05064e-05
0.395289	1.99268e-05
0.3995	1.9331e-05
0.403756	1.8753e-05
0.408057	1.8223e-05
0.412404	1.76781e-05
0.416798	1.71785e-05
0.421238	1.66649e-05
0.425725	1.61939e-05
0.43026	1.57097e-05
0.434844	1.52657e-05
0.439476	1.48092e-05
0.444158	1.43907e-05
0.44889	1.39604e-05
0.453672	1.35658e-05
0.458505	1.31602e-05
0.463389	1.27883e-05
0.468325	1.24268e-05
0.473315	1.20756e-05
0.478357	1.17145e-05
0.483453	1.13835e-05
0.488603	1.10804e-05
0.493808	1.07672e-05
0.499068	1.04629e-05
0.504385	1.01672e-05
0.509758	9.89654e-06
0.515189	9.60063e-06
0.520677	9.34504e-06
0.526224	9.08092e-06
0.53183	8.82427e-06
0.537495	8.57487e-06
0.543221	8.33252e-06
0.549008	8.09702e-06
0.554857	7.86818e-06
0.560767	7.6458e-06
0.566741	7.44225e-06
0.572779	7.23191e-06
0.578881	7.02751e-06
0.585047	6.84042e-06
0.59128	6.64709e-06
0.597579	6.45923e-06
0.603945	6.28727e-06
0.610379	6.10957e-06
0.616881	5.94692e-06
0.623453	5.7886e-06
0.630094	5.63449e-06
0.636807	5.48448e-06
0.64359	5.33847e-06
0.650447	5.19635e-06
0.657376	5.06655e-06
0.664379	4.93166e-06
0.671456	4.80847e-06
0.678609	4.68836e-06
0.685839	4.56354e-06
0.693145	4.44205e-06
0.700529	4.33108e-06
0.707992	4.2229e-06
0.715534	4.11741e-06
0.723156	4.01456e-06
0.73086	3.91428e-06
0.738646	3.8165e-06
0.746515	3.72116e-06
0.754467	3.63433e-06
0.762505	3.54355e-06
0.770628	3.46671e-06
0.778837	3.38011e-06
0.787134	3.30124e-06
0.795519	3.22421e-06
0.803994	3.14897e-06
0.812559	3.0755e-06
0.821215	3.0088e-06
0.829964	2.93859e-06
0.838805	2.87487e-06
0.847741	2.81253e-06
0.856772	2.75154e-06
0.865899	2.69641e-06
0.875123	2.63794e-06
0.884446	2.58509e-06
0.893868	2.53758e-06
0.90339	2.49093e-06
0.913014	2.44103e-06
0.922741	2.40021e-06
0.932571	2.35609e-06
0.942505	2.31669e-06
0.952546	2.27411e-06
0.962693	2.23985e-06
0.972949	2.20611e-06
0.983313	2.17288e-06
0.993789	2.14015e-06
1.00438	2.11147e-06
1.01508	2.07966e-06
1.02589	2.05526e-06
1.03682	2.03114e-06
1.04786	2.01069e-06
1.05903	1.98709e-06
1.07031	1.97041e-06
1.08171	1.95386e-06
1.09323	1.94386e-06
1.10488	1.93188e-06
1.11665	1.92294e-06
1.12854	1.91701e-06
1.14057	1.91701e-06
1.15272	1.91701e-06
1.165	1.92294e-06
1.17741	1.9289e-06
1.18995	1.94086e-06
1.20263	1.95895e-06
1.21544	1.9772e-06
1.22839	2.0049e-06
1.24147	2.03614e-06
1.2547	2.07747e-06
1.26806	2.12621e-06
1.28157	2.18283e-06
1.29523	2.25834e-06
1.30902	2.34733e-06
1.32297	2.45876e-06
1.33706	2.6035e-06
1.35131	2.78676e-06
1.3657	3.03876e-06
1.38025	3.40795e-06
1.39495	4.09152e-06
1.39495	7.77447e-06
1.38025	9.90315e-06
1.3657	1.18453e-05
1.35131	1.37675e-05
1.33706	1.57561e-05
1.32297	1.78554e-05
1.30902	2.00645e-05
1.29523	2.24206e-05
1.28157	2.49479e-05
1.26806	2.76433e-05
1.2547	3.05439e-05
1.24147	3.36541e-05
1.22839	3.7029e-05
1.21544	4.0628e-05
1.20263	4.45142e-05
1.18995	4.87721e-05
1.17741	5.33622e-05
1.165	5.82205e-05
1.15272	6.3521e-05
1.14057	6.93042e-05
1.12854	7.55076e-05
1.11665	8.21508e-05
1.10488	8.93785e-05
1.09323	9.7242e-05
1.08171	0.000105664
1.07031	0.000114573
1.05903	0.000124513
1.04786	0.000134708
1.03682	0.000146067
1.02589	0.000158027
1.01508	0.000170966
1.00438	0.00018455
0.993789	0.000199661
0.983313	0.000215524
0.972949	0.000233172
0.962693	0.000251698
0.952546	0.000271695
0.942505	0.000293942
0.932571	0.000317296
0.922741	0.000343277
0.913014	0.000371385
0.90339	0.000401794
0.893868	0.000435673
0.884446	0.000473471
0.875123	0.000515706
0.865899	0.000551695
0.856772	0.000590196
0.847741	0.000629965
0.838805	0.000673928
0.829964	0.000719339
0.821215	0.00076781
0.812559	0.000819548
0.803994	0.000874771
0.795519	0.000933716
0.787134	0.000994394
0.778837	0.00105902
0.770628	0.0011253
0.762505	0.00119843
0.754467	0.00127345
0.746515	0.0013562
0.738646	0.00144109
0.73086	0.00153129
0.723156	0.00163081
0.715534	0.00173288
0.707992	0.00184135
0.700529	0.00195661
0.693145	0.00207908
0.685839	0.00220922
0.678609	0.0023475
0.671456	0.00249444
0.664379	0.00265057
0.657376	0.00281016
0.650447	0.00298605
0.64359	0.00317296
0.636807	0.003364
0.630094	0.00357456
0.623453	0.00378977
0.616881	0.00402699
0.610379	0.00426944
0.603945	0.00452649
0.597579	0.00480982
0.59128	0.00509941
0.585047	0.00540642
0.578881	0.00573193
0.572779	0.00607703
0.566741	0.00642844
0.560767	0.00681547
0.554857	0.00722581
0.549008	0.00766086
0.543221	0.00812209
0.537495	0.0086111
0.53183	0.00910904
0.526224	0.00965747
0.520677	0.0102389
0.515189	0.0108554
0.509758	0.0115089
0.504385	0.0122019
0.499068	0.0129365
0.493808	0.0137154
0.488603	0.0145085
0.483453	0.015382
0.478357	0.0163081
0.473315	0.0173288
0.468325	0.0183722
0.463389	0.0194783
0.458505	0.020651
0.453672	0.0218943
0.44889	0.0232125
0.444158	0.0246101
0.439476	0.0261505
0.434844	0.027725
0.43026	0.0294604
0.425725	0.0312341
0.421238	0.0331891
0.416798	0.0352666
0.412404	0.0373899
0.408057	0.0397302
0.403756	0.0422171
0.3995	0.0448596
0.395289	0.0476675
0.391122	0.0507652
0.387	0.13201
0.382921	0.143462
0.378884	0.153474
0.374891	0.163816
0.370939	0.174069
0.367029	0.185382
0.36316	0.197429
0.359332	0.209786
0.355545	0.22342
0.351797	0.237404
0.348089	0.252832
0.34442	0.269262
0.340789	0.286761
0.337197	0.305396
0.333643	0.325974
0.330126	0.34794
0.326646	0.370551
0.323203	0.39641
0.319796	0.423121
0.316426	0.451632
0.31309	0.48315
0.30979	0.516867
0.306525	0.554182
0.303294	0.594191
0.300097	0.637088
0.296933	0.683082
0.293804	0.734045
0.290707	0.78881
0.287642	0.84957
0.284611	0.91501
0.281611	0.987709
0.278642	1
0.275705	1
0.272799	1
0.269923	1
0.267078	1
0.264263	1
0.261478	1
0.258721	1
0.255994	1
0.253296	1
0.250626	1
0.247984	1
0.24537	1
0.242784	1
0.240225	1
0.237693	1
0.235187	1
0.232708	1
0.230255	1
0.227828	1
0.225427	1
0.223051	1
0.2207	1
0.218373	1
0.216071	1
0.213794	1
0.21154	1
0.209311	1
0.207104	1
0.204921	1
0.202761	1
0.200624	1
0.198509	1
0.196417	1
0.194347	1
0.192298	1
0.190271	1
0.188265	1
0.186281	1
0.184317	1
0.182375	1
0.180452	1
0.17855	1
0.176668	1
0.174806	1
0.172963	1
0.17114	1
0.169336	1
0.167551	1
0.165785	1
0.164038	1
0.162309	1
0.160598	1
0.158905	1
0.15723	1
0.155573	1
0.153933	1
0.15231	1
0.150705	1
0.149116	1
0.147545	1
0.145989	1
0.144451	1
0.142928	1
0.141421	1
0.139931	1
0.138456	1
0.136996	1
0.135552	1
0.134123	1
0.13271	1
0.131311	1
0.129927	1
0.128557	1
0.127202	1
0.125861	1
0.124535	1
0.123222	1
0.121923	1
0.120638	1
0.119366	1
0.118108	1
0.116863	1
0.115631	1
0.114413	1
0.113207	1
0.112013	1
0.110833	1
0.109664	1
0.108508	1
0.107365	1
0.106233	1
0.105113	1
0.104005	1
0.102909	1
0.101824	1
0.100751	1
0.0996889	1
0.0986382	1
0.0975984	1
0.0965697	1
0.0955518	1
0.0945446	1
0.093548	1
0.092562	1
0.0915863	1
0.0906209	1
0.0896657	1
0.0887206	1
0.0877854	1
0.0868601	1
0.0859445	1
0.0850386	1
0.0841422	1
0.0832553	1
0.0823778	1
0.0815094	1
0.0806503	1
0.0798002	1
0.078959	1
0.0781267	1
0.0773032	1
0.0764884	1
0.0756821	1
0.0748844	1
0.0740951	1
0.0733141	1
0.0725413	1
0.0717766	1
0.0710201	1
0.0702715	1
0.0695308	1
0.0687979	1
0.0680727	1
0.0673551	1
0.0666452	1
0.0659427	1
0.0652476	1
0.0645599	1
0.0638794	1
0.063206	1
0.0625398	1
0.0618806	1
0.0612283	1
0.0605829	1
0.0599443	1
0.0593125	1
0.0586873	1
0.0580687	1
0.0574566	1
0.056851	1
0.0562517	1
0.0556588	1
0.0550721	1
0.0544916	1
0.0539172	1
0.0533489	1
0.0527866	1
0.0522302	1
0.0516796	1
0.0511349	1
0.0505959	1
0.0500626	1
0.0495349	1
0.0490127	1
0.0484961	1
0.0479849	1
0.0474791	1
0.0469787	1
0.0464835	1
0.0459935	1
0.0455087	1
0.045029	1
0.0445544	1
0.0440848	1
0.0436201	1
0.0431603	1
0.0427053	1
0.0422552	1
0.0418098	1
0.0413691	1
0.040933	1
0.0405016	1
0.0400747	1
0.0396522	1
0.0392343	1
0.0388207	1
0.0384115	1
0.0380066	1
0.037606	1
0.0372096	1
0.0368174	1
0.0364293	1
0.0360454	1
0.0356654	1
0.0352895	1
0.0349175	1
0.0345494	1
0.0341853	1
0.0338249	1
0.0334684	1
0.0331156	1
0.0327666	1
0.0324212	1
0.0320794	1
0.0317413	1
0.0314067	1
0.0310757	1
0.0307481	1
0.030424	1
0.0301033	1
0.029786	1
0.029472	1
0.0291614	1
0.028854	1
0.0285499	1
0.0282489	1
0.0279512	1
0.0276565	1
0.027365	1
0.0270766	1
0.0267912	1
0.0265088	1
0.0262293	1
0.0259529	1
0.0256793	1
0.0254086	1
0.0251408	1
0.0248758	1
0.0246136	1
0.0243542	1
0.0240974	1
0.0238434	1
0.0235921	1
0.0233434	1
0.0230974	1
0.0228539	1
0.022613	1
0.0223747	1
0.0221388	1
0.0219055	1
0.0216746	1
0.0214461	1
0.02122	1
0.0209964	1
0.0207751	1
0.0205561	1
0.0203394	1
0.020125	1
0.0199129	1
0.019703	1
0.0194953	1
0.0192898	1
0.0190865	1
0.0188853	1
0.0186862	1
0.0184893	1
0.0182944	1
0.0181015	1
0.0179107	1
0.0177219	1
0.0175351	1
0.0173503	1
0.0171674	1
0.0169865	1
0.0168074	1
0.0166303	1
0.016455	1
0.0162815	1
0.0161099	1
0.0159401	1
0.0157721	1
0.0156058	1
0.0154413	1
0.0152786	1
0.0151175	1
0.0149582	1
0.0148005	1
0.0146445	1
0.0144901	1
0.0143374	1
0.0141863	1
0.0140367	1
0.0138888	1
0.0137424	1
0.0135975	1
0.0134542	1
0.0133124	1
0.0131721	1
0.0130332	1
0.0128958	1
0.0127599	1
0.0126254	1
0.0124923	1
0.0123606	1
0.0122304	1
0.0121014	1
0.0119739	1
0.0118477	1
0.0117228	1
0.0115992	1
0.011477	1
0.011356	1
0.0112363	1
0.0111178	1
0.0110007	1
0.0108847	1
0.01077	1
0.0106564	1
0.0105441	1
0.010433	1
0.010323	1
0.0102142	1
0.0101065	1
0.01	1
0.01	3.25242e-05


