#Mass	Ue	Ut	Events
0.01	0.814038
0.0101065	0.78881
0.0102142	0.762648
0.010323	0.739013
0.010433	0.716111
0.0105441	0.69236
0.0106564	0.670904
0.01077	0.650112
0.0108847	0.62855
0.0110007	0.609071
0.0111178	0.590196
0.0112363	0.570621
0.011356	0.552937
0.011477	0.535801
0.0115992	0.519197
0.0117228	0.501977
0.0118477	0.48642
0.0119739	0.471346
0.0121014	0.455713
0.0122304	0.44159
0.0123606	0.427905
0.0124923	0.414644
0.0126254	0.400892
0.0127599	0.388468
0.0128958	0.376429
0.0130332	0.364764
0.0131721	0.352666
0.0133124	0.341737
0.0134542	0.331146
0.0135975	0.320163
0.0137424	0.310241
0.0138888	0.300627
0.0140367	0.29131
0.0141863	0.282282
0.0143374	0.27292
0.0144901	0.264462
0.0146445	0.256266
0.0148005	0.248324
0.0149582	0.240088
0.0151175	0.232648
0.0152786	0.225438
0.0154413	0.218452
0.0156058	0.211206
0.0157721	0.204661
0.0159401	0.198319
0.0161099	0.192173
0.0162815	0.186217
0.016455	0.180041
0.0166303	0.174461
0.0168074	0.169055
0.0169865	0.163816
0.0171674	0.158382
0.0173503	0.153474
0.0175351	0.148718
0.0177219	0.144109
0.0179107	0.139643
0.0181015	0.135012
0.0182944	0.130828
0.0184893	0.126773
0.0186862	0.122844
0.0188853	0.119037
0.0190865	0.115089
0.0192898	0.111523
0.0194953	0.108067
0.019703	0.104718
0.0199129	0.101244
0.020125	0.0981068
0.0203394	0.0950665
0.0205561	0.0921203
0.0207751	0.0892655
0.0209964	0.0864991
0.02122	0.0836302
0.0214461	0.0810385
0.0216746	0.0785271
0.0219055	0.0760935
0.0221388	0.0737354
0.0223747	0.0712898
0.022613	0.0690805
0.0228539	0.0669397
0.0230974	0.0648652
0.0233434	0.062855
0.0235921	0.0607703
0.0238434	0.058887
0.0240974	0.0570621
0.0243542	0.0552937
0.0246136	0.0535801
0.0248758	0.0519197
0.0251408	0.0501977
0.0254086	0.048642
0.0256793	0.0471346
0.0259529	0.0456739
0.0262293	0.0442584
0.0265088	0.0427905
0.0267912	0.0414644
0.0270766	0.0401794
0.027365	0.0389343
0.0276565	0.0377277
0.0279512	0.0365585
0.0282489	0.035346
0.0285499	0.0342506
0.028854	0.0331891
0.0291614	0.0321606
0.029472	0.0311639
0.029786	0.0301982
0.0301033	0.0291966
0.030424	0.0282918
0.0307481	0.027415
0.0310757	0.0265654
0.0314067	0.0257421
0.0317413	0.0249444
0.0320794	0.0241171
0.0324212	0.0233697
0.0327666	0.0226454
0.0331156	0.0219436
0.0334684	0.0212636
0.0338249	0.0206046
0.0341853	0.0199661
0.0345494	0.0193039
0.0349175	0.0187056
0.0352895	0.018126
0.0356654	0.0175642
0.0360454	0.0170199
0.0364293	0.0164924
0.0368174	0.0159813
0.0372096	0.0154513
0.037606	0.0149725
0.0380066	0.0145085
0.0384115	0.0140588
0.0388207	0.0136231
0.0392343	0.013201
0.0396522	0.0127919
0.0400747	0.0123676
0.0405016	0.0119843
0.040933	0.0116129
0.0413691	0.011253
0.0418098	0.0109043
0.0422552	0.0105664
0.0427053	0.0102389
0.0431603	0.00992161
0.0436201	0.00959254
0.0440848	0.00929526
0.0445544	0.0090072
0.045029	0.00872806
0.0455087	0.00845758
0.0459935	0.00819548
0.0464835	0.0079415
0.0469787	0.00769539
0.0474791	0.0074569
0.0479849	0.00722581
0.0484961	0.00698616
0.0490127	0.00676965
0.0495349	0.00655986
0.0500626	0.00635657
0.0505959	0.00615958
0.0511349	0.00596869
0.0516796	0.00578372
0.0522302	0.00560448
0.0527866	0.00543079
0.0533489	0.00526249
0.0539172	0.00509941
0.0544916	0.00493027
0.0550721	0.00477748
0.0556588	0.00462943
0.0562517	0.00448596
0.056851	0.00434694
0.0574566	0.00421223
0.0580687	0.00408169
0.0586873	0.0039552
0.0593125	0.00383262
0.0599443	0.00371385
0.0605829	0.00359876
0.0612283	0.00348723
0.0618806	0.00337916
0.0625398	0.00327444
0.063206	0.00316584
0.0638794	0.00306772
0.0645599	0.00297266
0.0652476	0.00288053
0.0659427	0.00279126
0.0666452	0.00270476
0.0673551	0.00262094
0.0680727	0.00253972
0.0687979	0.00246101
0.0695308	0.00238474
0.0702715	0.00231084
0.0710201	0.00223922
0.0717766	0.00216983
0.0725413	0.00210259
0.0733141	0.00203743
0.0740951	0.00196985
0.0748844	0.00190881
0.0756821	0.00184965
0.0764884	0.00179233
0.0773032	0.00173679
0.0781267	0.00168296
0.078959	0.00163081
0.0798002	0.00158027
0.0806503	0.00153129
0.0815094	0.00148384
0.0823778	0.00143785
0.0832553	0.00139329
0.0841422	0.00135012
0.0850386	0.00130828
0.0859445	0.00126488
0.0868601	0.00122569
0.0877854	0.0011877
0.0887206	0.00115089
0.0896657	0.00111523
0.0906209	0.00108067
0.0915863	0.00104718
0.092562	0.00101472
0.093548	0.000983277
0.0945446	0.000952805
0.0955518	0.000923277
0.0965697	0.000894664
0.0975984	0.000864991
0.0986382	0.000838185
0.0996889	0.000812209
0.100751	0.000787039
0.101824	0.000762648
0.102909	0.000739013
0.104005	0.000716111
0.105113	0.000693919
0.106233	0.000672414
0.107365	0.000651576
0.108508	0.000631383
0.109664	0.000610442
0.110833	0.000592856
0.112013	0.000573193
0.113207	0.000555429
0.114413	0.000538217
0.115631	0.000521537
0.116863	0.000505374
0.118108	0.000489713
0.119366	0.000474536
0.120638	0.00045983
0.121923	0.000444579
0.123222	0.000430802
0.124535	0.000417451
0.125861	0.000404514
0.127202	0.000391978
0.128557	0.000379831
0.129927	0.000368059
0.131311	0.000356653
0.13271	0.0003456
0.134123	0.00033489
0.135552	0.000323783
0.136996	0.000313749
0.138456	0.000304026
0.139931	0.000294604
0.141421	0.000285474
0.142928	0.000276627
0.144451	0.000268054
0.145989	0.000259164
0.147545	0.000251132
0.149116	0.00024335
0.150705	0.000235808
0.15231	0.0002285
0.153933	0.000221419
0.155573	0.000214557
0.15723	0.000207908
0.158905	0.000201465
0.160598	0.000195221
0.162309	0.000188746
0.164038	0.000182897
0.165785	0.000177229
0.167551	0.000171737
0.169336	0.000166415
0.17114	0.000161257
0.172963	0.00015626
0.174806	0.000151417
0.176668	0.000146725
0.17855	0.000142178
0.180452	0.000137772
0.182375	0.000133502
0.184317	0.000129365
0.186281	0.000123954
0.188265	0.000121198
0.190271	0.000117442
0.192298	0.000114831
0.194347	0.000111272
0.196417	0.00010831
0.198509	0.00010519
0.200624	0.00010378
0.202761	0.000100564
0.204921	9.76666e-05
0.207104	9.46399e-05
0.209311	9.1707e-05
0.21154	8.9065e-05
0.213794	8.63048e-05
0.216071	8.38185e-05
0.218373	8.12209e-05
0.2207	7.8881e-05
0.223051	7.64365e-05
0.225427	7.40677e-05
0.227828	7.17723e-05
0.230255	6.97046e-05
0.232708	6.75635e-05
0.235187	6.55433e-05
0.237693	6.34764e-05
0.240225	6.15784e-05
0.242784	5.97372e-05
0.24537	5.79511e-05
0.247984	5.62183e-05
0.250626	5.44455e-05
0.253296	5.28176e-05
0.255994	5.12383e-05
0.258721	4.96225e-05
0.261478	4.81388e-05
0.264263	4.66994e-05
0.267078	4.53031e-05
0.269923	4.38745e-05
0.272799	4.25626e-05
0.275705	4.129e-05
0.278642	3.99879e-05
0.281611	3.87923e-05
0.284611	3.76324e-05
0.287642	3.64456e-05
0.290707	3.53559e-05
0.293804	3.42988e-05
0.296933	3.32732e-05
0.300097	3.22239e-05
0.303294	3.12604e-05
0.306525	3.03257e-05
0.30979	2.9419e-05
0.31309	2.84913e-05
0.316426	2.76394e-05
0.319796	2.6813e-05
0.323203	2.60112e-05
0.326646	2.52335e-05
0.330126	2.4479e-05
0.333643	2.37471e-05
0.337197	2.31539e-05
0.340789	2.25375e-05
0.34442	2.19745e-05
0.348089	2.13534e-05
0.351797	2.07499e-05
0.355545	2.01295e-05
0.359332	1.95606e-05
0.36316	1.90077e-05
0.367029	1.84394e-05
0.370939	1.79183e-05
0.374891	1.73825e-05
0.378884	1.68628e-05
0.382921	1.63586e-05
0.387	1.58962e-05
0.391122	1.54209e-05
0.395289	1.49598e-05
0.3995	1.45125e-05
0.403756	1.41024e-05
0.408057	1.36807e-05
0.412404	1.32716e-05
0.416798	1.28748e-05
0.421238	1.24899e-05
0.425725	1.21164e-05
0.43026	1.1774e-05
0.434844	1.14219e-05
0.439476	1.10804e-05
0.444158	1.07672e-05
0.44889	1.04453e-05
0.453672	1.0133e-05
0.458505	9.83e-06
0.463389	9.55218e-06
0.468325	9.26657e-06
0.473315	8.9895e-06
0.478357	8.73543e-06
0.483453	8.47424e-06
0.488603	8.26255e-06
0.493808	8.04258e-06
0.499068	7.81528e-06
0.504385	7.60721e-06
0.509758	7.39221e-06
0.515189	7.17118e-06
0.520677	6.98027e-06
0.526224	6.77156e-06
0.53183	6.58017e-06
0.537495	6.3942e-06
0.543221	6.21348e-06
0.549008	6.03787e-06
0.554857	5.86722e-06
0.560767	5.69179e-06
0.566741	5.53093e-06
0.572779	5.37461e-06
0.578881	5.22271e-06
0.585047	5.0751e-06
0.59128	4.92335e-06
0.597579	4.79228e-06
0.603945	4.64899e-06
0.610379	4.51759e-06
0.616881	4.39732e-06
0.623453	4.27304e-06
0.630094	4.15228e-06
0.636807	4.04173e-06
0.64359	3.93413e-06
0.650447	3.83586e-06
0.657376	3.73374e-06
0.664379	3.63433e-06
0.671456	3.53758e-06
0.678609	3.4434e-06
0.685839	3.35173e-06
0.693145	3.26249e-06
0.700529	3.17564e-06
0.707992	3.09109e-06
0.715534	3.0088e-06
0.723156	2.93364e-06
0.73086	2.85554e-06
0.738646	2.78421e-06
0.746515	2.71466e-06
0.754467	2.64685e-06
0.762505	2.58073e-06
0.770628	2.51627e-06
0.778837	2.45341e-06
0.787134	2.39213e-06
0.795519	2.33237e-06
0.803994	2.27411e-06
0.812559	2.2173e-06
0.821215	2.16557e-06
0.829964	2.11503e-06
0.838805	2.06568e-06
0.847741	2.01748e-06
0.856772	1.97373e-06
0.865899	1.93093e-06
0.875123	1.88906e-06
0.884446	1.84498e-06
0.893868	1.80802e-06
0.90339	1.77179e-06
0.913014	1.73337e-06
0.922741	1.69864e-06
0.932571	1.66461e-06
0.942505	1.63402e-06
0.952546	1.60398e-06
0.962693	1.57716e-06
0.972949	1.55079e-06
0.983313	1.52485e-06
0.993789	1.49935e-06
1.00438	1.47677e-06
1.01508	1.44962e-06
1.02589	1.4302e-06
1.03682	1.41103e-06
1.04786	1.39212e-06
1.05903	1.37578e-06
1.07031	1.36193e-06
1.08171	1.3505e-06
1.09323	1.33925e-06
1.10488	1.33305e-06
1.11665	1.32894e-06
1.12854	1.32484e-06
1.14057	1.32484e-06
1.15272	1.32894e-06
1.165	1.33512e-06
1.17741	1.34132e-06
1.18995	1.35592e-06
1.20263	1.37279e-06
1.21544	1.39202e-06
1.22839	1.41809e-06
1.24147	1.4536e-06
1.2547	1.49231e-06
1.26806	1.54394e-06
1.28157	1.60726e-06
1.29523	1.68877e-06
1.30902	1.79649e-06
1.32297	1.93188e-06
1.33706	2.1295e-06
1.35131	2.42104e-06
1.3657	2.89219e-06
1.38025	4.08535e-06
1.38025	6.65855e-06
1.3657	9.79759e-06
1.35131	1.22689e-05
1.33706	1.46663e-05
1.32297	1.70942e-05
1.30902	1.95359e-05
1.29523	2.21388e-05
1.28157	2.48429e-05
1.26806	2.77211e-05
1.2547	3.08025e-05
1.24147	3.40825e-05
1.22839	3.76059e-05
1.21544	4.1319e-05
1.20263	4.53987e-05
1.18995	4.97412e-05
1.17741	5.44225e-05
1.165	5.93773e-05
1.15272	6.47832e-05
1.14057	7.0582e-05
1.12854	7.67918e-05
1.11665	8.3548e-05
1.10488	9.07709e-05
1.09323	9.84798e-05
1.08171	0.000106858
1.07031	0.000115868
1.05903	0.000125356
1.04786	0.00013562
1.03682	0.000146725
1.02589	0.000158382
1.01508	0.000170966
1.00438	0.000184135
0.993789	0.000198319
0.983313	0.000214075
0.972949	0.000230565
0.962693	0.000248324
0.952546	0.000268054
0.942505	0.000288702
0.932571	0.000310939
0.922741	0.00033489
0.913014	0.000360686
0.90339	0.000388468
0.893868	0.000418391
0.884446	0.000449606
0.875123	0.000484238
0.865899	0.000520366
0.856772	0.000559189
0.847741	0.000600909
0.838805	0.000645741
0.829964	0.00069236
0.821215	0.000742344
0.812559	0.000795937
0.803994	0.000851483
0.795519	0.000908858
0.787134	0.0009701
0.778837	0.00103314
0.770628	0.00109781
0.762505	0.00116653
0.754467	0.00123954
0.746515	0.00131417
0.738646	0.00139643
0.73086	0.00148051
0.723156	0.00157318
0.715534	0.00166789
0.707992	0.00177229
0.700529	0.001879
0.693145	0.00199212
0.685839	0.00211682
0.678609	0.00224427
0.671456	0.00237939
0.664379	0.00252264
0.657376	0.00267452
0.650447	0.00283555
0.64359	0.00300627
0.636807	0.0031801
0.630094	0.00337157
0.623453	0.00357456
0.616881	0.00378126
0.610379	0.00400892
0.603945	0.00424074
0.597579	0.00449606
0.59128	0.00475605
0.585047	0.00503107
0.578881	0.00533397
0.572779	0.00564241
0.566741	0.00596869
0.560767	0.00631383
0.554857	0.00667893
0.549008	0.00706515
0.543221	0.00747369
0.537495	0.00790586
0.53183	0.00836302
0.526224	0.00884662
0.520677	0.00935818
0.515189	0.00989932
0.509758	0.0104718
0.504385	0.0110773
0.499068	0.0116915
0.493808	0.0123676
0.488603	0.0130828
0.483453	0.0138393
0.478357	0.0146395
0.473315	0.0154513
0.468325	0.0163448
0.463389	0.0172899
0.458505	0.0182897
0.453672	0.0193473
0.44889	0.0204201
0.444158	0.0216009
0.439476	0.02285
0.434844	0.0241713
0.43026	0.0255691
0.425725	0.0270476
0.421238	0.0286117
0.416798	0.0302661
0.412404	0.0320163
0.408057	0.0338677
0.403756	0.0358261
0.3995	0.0378977
0.395289	0.0401794
0.391122	0.0425028
0.387	0.0449606
0.382921	0.0475605
0.378884	0.0504239
0.374891	0.0533397
0.370939	0.0565511
0.367029	0.0598212
0.36316	0.0634229
0.359332	0.0672414
0.355545	0.0711297
0.351797	0.0754122
0.348089	0.0799525
0.34442	0.0847662
0.340789	0.0898697
0.337197	0.095495
0.333643	0.101244
0.330126	0.10734
0.326646	0.114059
0.323203	0.120926
0.319796	0.128495
0.316426	0.136538
0.31309	0.145085
0.30979	0.154166
0.306525	0.163816
0.303294	0.174069
0.300097	0.185382
0.296933	0.197429
0.293804	0.209786
0.290707	0.22342
0.287642	0.237939
0.284611	0.253972
0.281611	0.270476
0.278642	0.288702
0.275705	0.308155
0.272799	0.32892
0.269923	0.351083
0.267078	0.37474
0.264263	0.400892
0.261478	0.428869
0.258721	0.458798
0.255994	0.49192
0.253296	0.526249
0.250626	0.564241
0.247984	0.604976
0.24537	0.650112
0.242784	0.698616
0.240225	0.750738
0.237693	0.806749
0.235187	0.86889
0.232708	0.935818
0.230255	1
0.227828	1
0.225427	1
0.223051	1
0.2207	1
0.218373	1
0.216071	1
0.213794	1
0.21154	1
0.209311	1
0.207104	1
0.204921	1
0.202761	1
0.200624	1
0.198509	1
0.196417	1
0.194347	1
0.192298	1
0.190271	1
0.188265	1
0.186281	1
0.184317	1
0.182375	1
0.180452	1
0.17855	1
0.176668	1
0.174806	1
0.172963	1
0.17114	1
0.169336	1
0.167551	1
0.165785	1
0.164038	1
0.162309	1
0.160598	1
0.158905	1
0.15723	1
0.155573	1
0.153933	1
0.15231	1
0.150705	1
0.149116	1
0.147545	1
0.145989	1
0.144451	1
0.142928	1
0.141421	1
0.139931	1
0.138456	1
0.136996	1
0.135552	1
0.134123	1
0.13271	1
0.131311	1
0.129927	1
0.128557	1
0.127202	1
0.125861	1
0.124535	1
0.123222	1
0.121923	1
0.120638	1
0.119366	1
0.118108	1
0.116863	1
0.115631	1
0.114413	1
0.113207	1
0.112013	1
0.110833	1
0.109664	1
0.108508	1
0.107365	1
0.106233	1
0.105113	1
0.104005	1
0.102909	1
0.101824	1
0.100751	1
0.0996889	1
0.0986382	1
0.0975984	1
0.0965697	1
0.0955518	1
0.0945446	1
0.093548	1
0.092562	1
0.0915863	1
0.0906209	1
0.0896657	1
0.0887206	1
0.0877854	1
0.0868601	1
0.0859445	1
0.0850386	1
0.0841422	1
0.0832553	1
0.0823778	1
0.0815094	1
0.0806503	1
0.0798002	1
0.078959	1
0.0781267	1
0.0773032	1
0.0764884	1
0.0756821	1
0.0748844	1
0.0740951	1
0.0733141	1
0.0725413	1
0.0717766	1
0.0710201	1
0.0702715	1
0.0695308	1
0.0687979	1
0.0680727	1
0.0673551	1
0.0666452	1
0.0659427	1
0.0652476	1
0.0645599	1
0.0638794	1
0.063206	1
0.0625398	1
0.0618806	1
0.0612283	1
0.0605829	1
0.0599443	1
0.0593125	1
0.0586873	1
0.0580687	1
0.0574566	1
0.056851	1
0.0562517	1
0.0556588	1
0.0550721	1
0.0544916	1
0.0539172	1
0.0533489	1
0.0527866	1
0.0522302	1
0.0516796	1
0.0511349	1
0.0505959	1
0.0500626	1
0.0495349	1
0.0490127	1
0.0484961	1
0.0479849	1
0.0474791	1
0.0469787	1
0.0464835	1
0.0459935	1
0.0455087	1
0.045029	1
0.0445544	1
0.0440848	1
0.0436201	1
0.0431603	1
0.0427053	1
0.0422552	1
0.0418098	1
0.0413691	1
0.040933	1
0.0405016	1
0.0400747	1
0.0396522	1
0.0392343	1
0.0388207	1
0.0384115	1
0.0380066	1
0.037606	1
0.0372096	1
0.0368174	1
0.0364293	1
0.0360454	1
0.0356654	1
0.0352895	1
0.0349175	1
0.0345494	1
0.0341853	1
0.0338249	1
0.0334684	1
0.0331156	1
0.0327666	1
0.0324212	1
0.0320794	1
0.0317413	1
0.0314067	1
0.0310757	1
0.0307481	1
0.030424	1
0.0301033	1
0.029786	1
0.029472	1
0.0291614	1
0.028854	1
0.0285499	1
0.0282489	1
0.0279512	1
0.0276565	1
0.027365	1
0.0270766	1
0.0267912	1
0.0265088	1
0.0262293	1
0.0259529	1
0.0256793	1
0.0254086	1
0.0251408	1
0.0248758	1
0.0246136	1
0.0243542	1
0.0240974	1
0.0238434	1
0.0235921	1
0.0233434	1
0.0230974	1
0.0228539	1
0.022613	1
0.0223747	1
0.0221388	1
0.0219055	1
0.0216746	1
0.0214461	1
0.02122	1
0.0209964	1
0.0207751	1
0.0205561	1
0.0203394	1
0.020125	1
0.0199129	1
0.019703	1
0.0194953	1
0.0192898	1
0.0190865	1
0.0188853	1
0.0186862	1
0.0184893	1
0.0182944	1
0.0181015	1
0.0179107	1
0.0177219	1
0.0175351	1
0.0173503	1
0.0171674	1
0.0169865	1
0.0168074	1
0.0166303	1
0.016455	1
0.0162815	1
0.0161099	1
0.0159401	1
0.0157721	1
0.0156058	1
0.0154413	1
0.0152786	1
0.0151175	1
0.0149582	1
0.0148005	1
0.0146445	1
0.0144901	1
0.0143374	1
0.0141863	1
0.0140367	1
0.0138888	1
0.0137424	1
0.0135975	1
0.0134542	1
0.0133124	1
0.0131721	1
0.0130332	1
0.0128958	1
0.0127599	1
0.0126254	1
0.0124923	1
0.0123606	1
0.0122304	1
0.0121014	1
0.0119739	1
0.0118477	1
0.0117228	1
0.0115992	1
0.011477	1
0.011356	1
0.0112363	1
0.0111178	1
0.0110007	1
0.0108847	1
0.01077	1
0.0106564	1
0.0105441	1
0.010433	1
0.010323	1
0.0102142	1
0.0101065	1
0.01	1
0.01	0.814038


