#Mass	Um	Events
0.01	0.000714503
0.0101065	0.000684619
0.0102142	0.000655986
0.010323	0.00062855
0.010433	0.000602262
0.0105441	0.000577073
0.0106564	0.000554182
0.01077	0.000531004
0.0108847	0.000508795
0.0110007	0.000487515
0.0111178	0.000467126
0.0112363	0.000448596
0.011356	0.000429834
0.011477	0.000411857
0.0115992	0.000394631
0.0117228	0.000378977
0.0118477	0.000363127
0.0119739	0.00034794
0.0121014	0.000333387
0.0122304	0.000320163
0.0123606	0.000306772
0.0124923	0.000293942
0.0126254	0.000282282
0.0127599	0.000270476
0.0128958	0.000259164
0.0130332	0.000248883
0.0131721	0.000238474
0.0133124	0.000229015
0.0134542	0.000219436
0.0135975	0.000210259
0.0137424	0.000201918
0.0138888	0.000193473
0.0140367	0.000185799
0.0141863	0.000178028
0.0143374	0.000170966
0.0144901	0.000163816
0.0146445	0.000157318
0.0148005	0.000150738
0.0149582	0.000144759
0.0151175	0.000138393
0.0152786	0.000132903
0.0154413	0.000127631
0.0156058	0.000122293
0.0157721	0.000117442
0.0159401	0.00011253
0.0161099	0.000108067
0.0162815	0.00010378
0.016455	9.94394e-05
0.0166303	9.5495e-05
0.0168074	9.1707e-05
0.0169865	8.80692e-05
0.0171674	8.43858e-05
0.0173503	8.10385e-05
0.0175351	7.7824e-05
0.0177219	7.47369e-05
0.0179107	7.17723e-05
0.0181015	6.89253e-05
0.0182944	6.61913e-05
0.0184893	6.35657e-05
0.0186862	6.10442e-05
0.0188853	5.86228e-05
0.0190865	5.62974e-05
0.0192898	5.40642e-05
0.0194953	5.19197e-05
0.019703	4.98602e-05
0.0199129	4.78824e-05
0.020125	4.58798e-05
0.0203394	4.40598e-05
0.0205561	4.23121e-05
0.0207751	4.07252e-05
0.0209964	3.91098e-05
0.02122	3.76429e-05
0.0214461	3.61498e-05
0.0216746	3.4794e-05
0.0219055	3.34138e-05
0.0221388	3.21606e-05
0.0223747	3.08849e-05
0.022613	2.97266e-05
0.0228539	2.86117e-05
0.0230974	2.75386e-05
0.0233434	2.65057e-05
0.0235921	2.55116e-05
0.0238434	2.45548e-05
0.0240974	2.36339e-05
0.0243542	2.27475e-05
0.0246136	2.19436e-05
0.0248758	2.11206e-05
0.0251408	2.04201e-05
0.0254086	1.96985e-05
0.0256793	1.90024e-05
0.0259529	1.83309e-05
0.0262293	1.76831e-05
0.0265088	1.70582e-05
0.0267912	1.64554e-05
0.0270766	1.59096e-05
0.027365	1.5382e-05
0.0276565	1.48718e-05
0.0279512	1.43785e-05
0.0282489	1.39329e-05
0.0285499	1.35012e-05
0.028854	1.30828e-05
0.0291614	1.27059e-05
0.029472	1.23398e-05
0.029786	1.20113e-05
0.0301033	1.16391e-05
0.030424	1.13803e-05
0.0307481	1.11272e-05
0.0310757	1.09043e-05
0.0314067	1.0734e-05
0.0317413	1.05902e-05
0.0320794	1.0519e-05
0.0324212	1.05426e-05
0.0327666	1.07099e-05
0.0331156	1.11022e-05
0.0334684	1.21198e-05
0.0338249	1.68296e-05
0.0341853	7.19339e-05
0.0345494	6.89253e-05
0.0349175	6.61913e-05
0.0352895	6.31383e-05
0.0356654	6.06338e-05
0.0360454	5.80979e-05
0.0364293	5.57933e-05
0.0368174	5.34598e-05
0.0372096	5.13392e-05
0.037606	4.9192e-05
0.0380066	4.71346e-05
0.0384115	4.52649e-05
0.0388207	4.33718e-05
0.0392343	4.16513e-05
0.0396522	3.99093e-05
0.0400747	3.83262e-05
0.0405016	3.67233e-05
0.040933	3.51874e-05
0.0413691	3.37916e-05
0.0418098	3.23783e-05
0.0422552	3.10939e-05
0.0427053	2.97935e-05
0.0431603	2.86117e-05
0.0436201	2.7415e-05
0.0440848	2.63275e-05
0.0445544	2.52264e-05
0.045029	2.41171e-05
0.0455087	2.31604e-05
0.0459935	2.21917e-05
0.0464835	2.13115e-05
0.0469787	2.04201e-05
0.0474791	1.96101e-05
0.0479849	1.879e-05
0.0484961	1.80446e-05
0.0490127	1.72899e-05
0.0495349	1.66041e-05
0.0500626	1.59454e-05
0.0505959	1.52785e-05
0.0511349	1.46725e-05
0.0516796	1.40905e-05
0.0522302	1.35012e-05
0.0527866	1.29656e-05
0.0533489	1.24233e-05
0.0539172	1.19305e-05
0.0544916	1.14316e-05
0.0550721	1.09534e-05
0.0556588	1.04953e-05
0.0562517	1.0079e-05
0.056851	9.65747e-06
0.0574566	9.27439e-06
0.0580687	8.9065e-06
0.0586873	8.53399e-06
0.0593125	8.19548e-06
0.0599443	7.85271e-06
0.0605829	7.55819e-06
0.0612283	7.25838e-06
0.0618806	6.97046e-06
0.0625398	6.67893e-06
0.063206	6.414e-06
0.0638794	6.15958e-06
0.0645599	5.90196e-06
0.0652476	5.65511e-06
0.0659427	5.43079e-06
0.0666452	5.21537e-06
0.0673551	4.99724e-06
0.0680727	4.79902e-06
0.0687979	4.60866e-06
0.0695308	4.42584e-06
0.0702715	4.25028e-06
0.0710201	4.07252e-06
0.0717766	3.91098e-06
0.0725413	3.75584e-06
0.0733141	3.60686e-06
0.0740951	3.456e-06
0.0748844	3.31891e-06
0.0756821	3.18726e-06
0.0764884	3.06083e-06
0.0773032	2.93942e-06
0.0781267	2.82282e-06
0.078959	2.70476e-06
0.0798002	2.59747e-06
0.0806503	2.48883e-06
0.0815094	2.39011e-06
0.0823778	2.2953e-06
0.0832553	2.20425e-06
0.0841422	2.11206e-06
0.0850386	2.03285e-06
0.0859445	1.95221e-06
0.0868601	1.87056e-06
0.0877854	1.79636e-06
0.0887206	1.72511e-06
0.0896657	1.65668e-06
0.0906209	1.58739e-06
0.0915863	1.52442e-06
0.092562	1.46395e-06
0.093548	1.40588e-06
0.0945446	1.34708e-06
0.0955518	1.29656e-06
0.0965697	1.24513e-06
0.0975984	1.19574e-06
0.0986382	1.14831e-06
0.0996889	1.10276e-06
0.100751	1.0614e-06
0.101824	1.0193e-06
0.102909	9.78865e-07
0.104005	9.40036e-07
0.105113	8.94664e-07
0.106233	8.59176e-07
0.107365	8.25095e-07
0.108508	7.92366e-07
0.109664	7.60935e-07
0.110833	7.27472e-07
0.112013	6.98616e-07
0.113207	6.70904e-07
0.114413	6.45741e-07
0.115631	6.15958e-07
0.116863	5.91524e-07
0.118108	5.6806e-07
0.119366	5.46755e-07
0.120638	5.21537e-07
0.121923	5.01977e-07
0.123222	4.82065e-07
0.124535	4.62943e-07
0.125861	4.42584e-07
0.127202	4.25028e-07
0.128557	4.09088e-07
0.129927	3.9286e-07
0.131311	3.75584e-07
0.13271	3.61498e-07
0.134123	3.47158e-07
0.135552	3.31891e-07
0.136996	3.18726e-07
0.138456	3.06772e-07
0.139931	2.94604e-07
0.141421	2.82918e-07
0.142928	2.71695e-07
0.144451	2.61505e-07
0.145989	2.49444e-07
0.147545	2.40088e-07
0.149116	2.30565e-07
0.150705	2.21419e-07
0.15231	2.13115e-07
0.153933	2.05122e-07
0.155573	1.96543e-07
0.15723	1.89171e-07
0.158905	1.82077e-07
0.160598	1.74854e-07
0.162309	1.67918e-07
0.164038	1.6162e-07
0.165785	1.5626e-07
0.167551	1.50399e-07
0.169336	1.44759e-07
0.17114	1.39017e-07
0.172963	1.33803e-07
0.174806	1.28784e-07
0.176668	1.23954e-07
0.17855	1.19305e-07
0.180452	1.14831e-07
0.182375	1.10524e-07
0.184317	1.06618e-07
0.186281	1.02389e-07
0.188265	9.8549e-08
0.190271	9.48529e-08
0.192298	9.1501e-08
0.194347	8.82675e-08
0.196417	8.4957e-08
0.198509	8.19548e-08
0.200624	8.19548e-08
0.202761	7.90586e-08
0.204921	7.60935e-08
0.207104	7.24208e-08
0.209311	6.98616e-08
0.21154	6.67893e-08
0.213794	6.44291e-08
0.216071	6.20127e-08
0.218373	5.98212e-08
0.2207	5.71905e-08
0.223051	5.51695e-08
0.225427	5.31004e-08
0.227828	5.12239e-08
0.230255	4.90815e-08
0.232708	4.74536e-08
0.235187	4.54689e-08
0.237693	4.39609e-08
0.240225	4.23121e-08
0.242784	4.09088e-08
0.24537	3.9286e-08
0.247984	3.80686e-08
0.250626	3.67233e-08
0.253296	3.55053e-08
0.255994	3.4405e-08
0.258721	3.33387e-08
0.261478	3.2233e-08
0.264263	3.12341e-08
0.267078	3.02661e-08
0.269923	2.93282e-08
0.272799	2.84833e-08
0.275705	2.76006e-08
0.278642	2.68054e-08
0.281611	2.60918e-08
0.284611	2.53401e-08
0.287642	2.46655e-08
0.290707	2.40088e-08
0.293804	2.34223e-08
0.296933	2.27475e-08
0.300097	2.22354e-08
0.303294	2.168e-08
0.306525	2.11741e-08
0.30979	2.06801e-08
0.31309	2.02316e-08
0.316426	1.98263e-08
0.319796	1.94291e-08
0.323203	1.90398e-08
0.326646	1.8753e-08
0.330126	1.84705e-08
0.333643	1.8223e-08
0.337197	1.79788e-08
0.340789	1.77978e-08
0.34442	1.76781e-08
0.348089	1.75889e-08
0.351797	1.75593e-08
0.355545	1.75297e-08
0.359332	1.76781e-08
0.36316	1.79485e-08
0.367029	1.83464e-08
0.370939	1.89437e-08
0.374891	1.99605e-08
0.378884	2.16435e-08
0.382921	2.49374e-08
0.387	3.81435e-08
0.387	0.176038
0.382921	0.193473
0.378884	0.207908
0.374891	0.222918
0.370939	0.238474
0.367029	0.254543
0.36316	0.272307
0.359332	0.290656
0.355545	0.310241
0.351797	0.331146
0.348089	0.35346
0.34442	0.378126
0.340789	0.403605
0.337197	0.431771
0.333643	0.461903
0.330126	0.494137
0.326646	0.528621
0.323203	0.566785
0.319796	0.607703
0.316426	0.651576
0.31309	0.700188
0.30979	0.752428
0.306525	0.808565
0.303294	0.870846
0.300097	0.937925
0.296933	1
0.293804	1
0.290707	1
0.287642	1
0.284611	1
0.281611	1
0.278642	1
0.275705	1
0.272799	1
0.269923	1
0.267078	1
0.264263	1
0.261478	1
0.258721	1
0.255994	1
0.253296	1
0.250626	1
0.247984	1
0.24537	1
0.242784	1
0.240225	1
0.237693	1
0.235187	1
0.232708	1
0.230255	1
0.227828	1
0.225427	1
0.223051	1
0.2207	1
0.218373	1
0.216071	1
0.213794	1
0.21154	1
0.209311	1
0.207104	1
0.204921	1
0.202761	1
0.200624	1
0.198509	1
0.196417	1
0.194347	1
0.192298	1
0.190271	1
0.188265	1
0.186281	1
0.184317	1
0.182375	1
0.180452	1
0.17855	1
0.176668	1
0.174806	1
0.172963	1
0.17114	1
0.169336	1
0.167551	1
0.165785	1
0.164038	1
0.162309	1
0.160598	1
0.158905	1
0.15723	1
0.155573	1
0.153933	1
0.15231	1
0.150705	1
0.149116	1
0.147545	1
0.145989	1
0.144451	1
0.142928	1
0.141421	1
0.139931	1
0.138456	1
0.136996	1
0.135552	1
0.134123	1
0.13271	1
0.131311	1
0.129927	1
0.128557	1
0.127202	1
0.125861	1
0.124535	1
0.123222	1
0.121923	1
0.120638	1
0.119366	1
0.118108	1
0.116863	1
0.115631	1
0.114413	1
0.113207	1
0.112013	1
0.110833	1
0.109664	1
0.108508	1
0.107365	1
0.106233	1
0.105113	1
0.104005	1
0.102909	1
0.101824	1
0.100751	1
0.0996889	1
0.0986382	1
0.0975984	1
0.0965697	1
0.0955518	1
0.0945446	1
0.093548	1
0.092562	1
0.0915863	1
0.0906209	1
0.0896657	1
0.0887206	1
0.0877854	1
0.0868601	1
0.0859445	1
0.0850386	1
0.0841422	1
0.0832553	1
0.0823778	1
0.0815094	1
0.0806503	1
0.0798002	1
0.078959	1
0.0781267	1
0.0773032	1
0.0764884	1
0.0756821	1
0.0748844	1
0.0740951	1
0.0733141	1
0.0725413	1
0.0717766	1
0.0710201	1
0.0702715	1
0.0695308	1
0.0687979	1
0.0680727	1
0.0673551	1
0.0666452	1
0.0659427	1
0.0652476	1
0.0645599	1
0.0638794	1
0.063206	1
0.0625398	1
0.0618806	1
0.0612283	1
0.0605829	1
0.0599443	1
0.0593125	1
0.0586873	1
0.0580687	1
0.0574566	1
0.056851	1
0.0562517	1
0.0556588	1
0.0550721	1
0.0544916	1
0.0539172	1
0.0533489	1
0.0527866	1
0.0522302	1
0.0516796	1
0.0511349	1
0.0505959	1
0.0500626	1
0.0495349	1
0.0490127	1
0.0484961	1
0.0479849	1
0.0474791	1
0.0469787	1
0.0464835	1
0.0459935	1
0.0455087	1
0.045029	1
0.0445544	1
0.0440848	1
0.0436201	1
0.0431603	1
0.0427053	1
0.0422552	1
0.0418098	1
0.0413691	1
0.040933	1
0.0405016	1
0.0400747	1
0.0396522	1
0.0392343	1
0.0388207	1
0.0384115	1
0.0380066	1
0.037606	1
0.0372096	1
0.0368174	1
0.0364293	1
0.0360454	1
0.0356654	1
0.0352895	1
0.0349175	1
0.0345494	1
0.0341853	1
0.0338249	1
0.0334684	1
0.0331156	1
0.0327666	1
0.0324212	1
0.0320794	1
0.0317413	1
0.0314067	1
0.0310757	1
0.0307481	1
0.030424	1
0.0301033	1
0.029786	1
0.029472	1
0.0291614	1
0.028854	1
0.0285499	1
0.0282489	1
0.0279512	1
0.0276565	1
0.027365	1
0.0270766	1
0.0267912	1
0.0265088	1
0.0262293	1
0.0259529	1
0.0256793	1
0.0254086	1
0.0251408	1
0.0248758	1
0.0246136	1
0.0243542	1
0.0240974	1
0.0238434	1
0.0235921	1
0.0233434	1
0.0230974	1
0.0228539	1
0.022613	1
0.0223747	1
0.0221388	1
0.0219055	1
0.0216746	1
0.0214461	1
0.02122	1
0.0209964	1
0.0207751	1
0.0205561	1
0.0203394	1
0.020125	1
0.0199129	1
0.019703	1
0.0194953	1
0.0192898	1
0.0190865	1
0.0188853	1
0.0186862	1
0.0184893	1
0.0182944	1
0.0181015	1
0.0179107	1
0.0177219	1
0.0175351	1
0.0173503	1
0.0171674	1
0.0169865	1
0.0168074	1
0.0166303	1
0.016455	1
0.0162815	1
0.0161099	1
0.0159401	1
0.0157721	1
0.0156058	1
0.0154413	1
0.0152786	1
0.0151175	1
0.0149582	1
0.0148005	1
0.0146445	1
0.0144901	1
0.0143374	1
0.0141863	1
0.0140367	1
0.0138888	1
0.0137424	1
0.0135975	1
0.0134542	1
0.0133124	1
0.0131721	1
0.0130332	1
0.0128958	1
0.0127599	1
0.0126254	1
0.0124923	1
0.0123606	1
0.0122304	1
0.0121014	1
0.0119739	1
0.0118477	1
0.0117228	1
0.0115992	1
0.011477	1
0.011356	1
0.0112363	1
0.0111178	1
0.0110007	1
0.0108847	1
0.01077	1
0.0106564	1
0.0105441	1
0.010433	1
0.010323	1
0.0102142	1
0.0101065	1
0.01	1
0.01	0.000714503


