#Mass	Um	Ut	Events
0.01	0.000151758
0.0101065	0.000145411
0.0102142	0.000139329
0.010323	0.000133502
0.010433	0.000127919
0.0105441	0.000122844
0.0106564	0.000117707
0.01077	0.000112784
0.0108847	0.000108067
0.0110007	0.000103547
0.0111178	9.92161e-05
0.0112363	9.52805e-05
0.011356	9.12955e-05
0.011477	8.74771e-05
0.0115992	8.38185e-05
0.0117228	8.04937e-05
0.0118477	7.71271e-05
0.0119739	7.39013e-05
0.0121014	7.08105e-05
0.0122304	6.80017e-05
0.0123606	6.51576e-05
0.0124923	6.24324e-05
0.0126254	5.99559e-05
0.0127599	5.74483e-05
0.0128958	5.50456e-05
0.0130332	5.28621e-05
0.0131721	5.06512e-05
0.0133124	4.8642e-05
0.0134542	4.66076e-05
0.0135975	4.46583e-05
0.0137424	4.28869e-05
0.0138888	4.10932e-05
0.0140367	3.94631e-05
0.0141863	3.78126e-05
0.0143374	3.63127e-05
0.0144901	3.4794e-05
0.0146445	3.34138e-05
0.0148005	3.20163e-05
0.0149582	3.07463e-05
0.0151175	2.94604e-05
0.0152786	2.82918e-05
0.0154413	2.71695e-05
0.0156058	2.60332e-05
0.0157721	2.50005e-05
0.0159401	2.39549e-05
0.0161099	2.30047e-05
0.0162815	2.20922e-05
0.016455	2.11682e-05
0.0166303	2.03285e-05
0.0168074	1.95221e-05
0.0169865	1.87478e-05
0.0171674	1.79636e-05
0.0173503	1.72511e-05
0.0175351	1.65668e-05
0.0177219	1.59096e-05
0.0179107	1.52785e-05
0.0181015	1.46725e-05
0.0182944	1.40905e-05
0.0184893	1.35316e-05
0.0186862	1.29948e-05
0.0188853	1.24793e-05
0.0190865	1.19843e-05
0.0192898	1.15089e-05
0.0194953	1.10524e-05
0.019703	1.0614e-05
0.0199129	1.0193e-05
0.020125	9.78865e-06
0.0203394	9.42152e-06
0.0205561	9.0478e-06
0.0207751	8.6889e-06
0.0209964	8.34424e-06
0.02122	8.03129e-06
0.0214461	7.71271e-06
0.0216746	7.42344e-06
0.0219055	7.12898e-06
0.0221388	6.86161e-06
0.0223747	6.60426e-06
0.022613	6.34229e-06
0.0228539	6.10442e-06
0.0230974	5.87547e-06
0.0233434	5.65511e-06
0.0235921	5.44302e-06
0.0238434	5.23888e-06
0.0240974	5.04239e-06
0.0243542	4.8642e-06
0.0246136	4.68177e-06
0.0248758	4.50618e-06
0.0251408	4.34694e-06
0.0254086	4.19333e-06
0.0256793	4.03605e-06
0.0259529	3.89343e-06
0.0262293	3.75584e-06
0.0265088	3.63127e-06
0.0267912	3.50295e-06
0.0270766	3.38677e-06
0.027365	3.27444e-06
0.0276565	3.16584e-06
0.0279512	3.06083e-06
0.0282489	2.95932e-06
0.0285499	2.86761e-06
0.028854	2.78499e-06
0.0291614	2.69869e-06
0.029472	2.62684e-06
0.029786	2.55116e-06
0.0301033	2.48883e-06
0.030424	2.42803e-06
0.0307481	2.37404e-06
0.0310757	2.32648e-06
0.0314067	2.29015e-06
0.0317413	2.25946e-06
0.0320794	2.24427e-06
0.0324212	2.24932e-06
0.0327666	2.285e-06
0.0331156	2.36871e-06
0.0334684	2.59164e-06
0.0338249	3.59067e-06
0.0341853	1.58027e-05
0.0345494	1.51417e-05
0.0349175	1.45411e-05
0.0352895	1.39329e-05
0.0356654	1.33502e-05
0.0360454	1.28207e-05
0.0364293	1.22844e-05
0.0368174	1.17707e-05
0.0372096	1.13038e-05
0.037606	1.0831e-05
0.0380066	1.04014e-05
0.0384115	9.96633e-06
0.0388207	9.5495e-06
0.0392343	9.1707e-06
0.0396522	8.78714e-06
0.0400747	8.41963e-06
0.0405016	8.08565e-06
0.040933	7.74747e-06
0.0413691	7.44016e-06
0.0418098	7.12898e-06
0.0422552	6.83082e-06
0.0427053	6.55986e-06
0.0431603	6.2855e-06
0.0436201	6.03617e-06
0.0440848	5.78372e-06
0.0445544	5.55429e-06
0.045029	5.32199e-06
0.0455087	5.09941e-06
0.0459935	4.89713e-06
0.0464835	4.69231e-06
0.0469787	4.50618e-06
0.0474791	4.31771e-06
0.0479849	4.14644e-06
0.0484961	3.97302e-06
0.0490127	3.81543e-06
0.0495349	3.65585e-06
0.0500626	3.50295e-06
0.0505959	3.364e-06
0.0511349	3.2233e-06
0.0516796	3.09544e-06
0.0522302	2.96598e-06
0.0527866	2.84833e-06
0.0533489	2.7292e-06
0.0539172	2.62094e-06
0.0544916	2.51132e-06
0.0550721	2.41171e-06
0.0556588	2.31084e-06
0.0562517	2.21917e-06
0.056851	2.12636e-06
0.0574566	2.04201e-06
0.0580687	1.95661e-06
0.0586873	1.879e-06
0.0593125	1.80041e-06
0.0599443	1.72899e-06
0.0605829	1.65668e-06
0.0612283	1.59096e-06
0.0618806	1.52785e-06
0.0625398	1.46395e-06
0.063206	1.40588e-06
0.0638794	1.34708e-06
0.0645599	1.29365e-06
0.0652476	1.23954e-06
0.0659427	1.19037e-06
0.0666452	1.14059e-06
0.0673551	1.09534e-06
0.0680727	1.0519e-06
0.0687979	1.0079e-06
0.0695308	9.67921e-07
0.0702715	9.27439e-07
0.0710201	8.9065e-07
0.0717766	8.55321e-07
0.0725413	8.19548e-07
0.0733141	7.87039e-07
0.0740951	7.55819e-07
0.0748844	7.24208e-07
0.0756821	6.95481e-07
0.0764884	6.67893e-07
0.0773032	6.39959e-07
0.0781267	6.14574e-07
0.078959	5.90196e-07
0.0798002	5.65511e-07
0.0806503	5.43079e-07
0.0815094	5.21537e-07
0.0823778	4.99724e-07
0.0832553	4.79902e-07
0.0841422	4.60866e-07
0.0850386	4.4159e-07
0.0859445	4.24074e-07
0.0868601	4.07252e-07
0.0877854	3.91098e-07
0.0887206	3.7474e-07
0.0896657	3.59876e-07
0.0906209	3.456e-07
0.0915863	3.31891e-07
0.092562	3.1801e-07
0.093548	3.05396e-07
0.0945446	2.93282e-07
0.0955518	2.81648e-07
0.0965697	2.70476e-07
0.0975984	2.59747e-07
0.0986382	2.48883e-07
0.0996889	2.39011e-07
0.100751	2.2953e-07
0.101824	2.20425e-07
0.102909	2.11682e-07
0.104005	2.03285e-07
0.105113	1.95221e-07
0.106233	1.87478e-07
0.107365	1.80041e-07
0.108508	1.72899e-07
0.109664	1.66041e-07
0.110833	1.59454e-07
0.112013	1.53129e-07
0.113207	1.47055e-07
0.114413	1.41222e-07
0.115631	1.3562e-07
0.116863	1.30241e-07
0.118108	1.25074e-07
0.119366	1.20113e-07
0.120638	1.15608e-07
0.121923	1.11022e-07
0.123222	1.06618e-07
0.124535	1.02389e-07
0.125861	9.83277e-08
0.127202	9.44273e-08
0.128557	9.08858e-08
0.129927	8.72806e-08
0.131311	8.38185e-08
0.13271	8.04937e-08
0.134123	7.74747e-08
0.135552	7.44016e-08
0.136996	7.14503e-08
0.138456	6.87705e-08
0.139931	6.60426e-08
0.141421	6.35657e-08
0.142928	6.10442e-08
0.144451	5.86228e-08
0.145989	5.64241e-08
0.147545	5.4186e-08
0.149116	5.21537e-08
0.150705	5.00849e-08
0.15231	4.82065e-08
0.153933	4.63985e-08
0.155573	4.4558e-08
0.15723	4.28869e-08
0.158905	4.12784e-08
0.160598	3.9641e-08
0.162309	3.81543e-08
0.164038	3.67233e-08
0.165785	3.5346e-08
0.167551	3.39439e-08
0.169336	3.26708e-08
0.17114	3.14455e-08
0.172963	3.02661e-08
0.174806	2.9131e-08
0.176668	2.80384e-08
0.17855	2.69869e-08
0.180452	2.59747e-08
0.182375	2.50005e-08
0.184317	2.40629e-08
0.186281	2.32125e-08
0.188265	2.2342e-08
0.190271	2.1504e-08
0.192298	2.06975e-08
0.194347	1.99661e-08
0.196417	1.92173e-08
0.198509	1.85382e-08
0.200624	1.81668e-08
0.202761	1.75248e-08
0.204921	1.68675e-08
0.207104	1.62714e-08
0.209311	1.56964e-08
0.21154	1.51077e-08
0.213794	1.45738e-08
0.216071	1.40588e-08
0.218373	1.3562e-08
0.2207	1.30828e-08
0.223051	1.26204e-08
0.225427	1.21744e-08
0.227828	1.17442e-08
0.230255	1.13292e-08
0.232708	1.09288e-08
0.235187	1.05664e-08
0.237693	1.0193e-08
0.240225	9.8549e-09
0.242784	9.52805e-09
0.24537	9.21203e-09
0.247984	8.88649e-09
0.250626	8.6111e-09
0.253296	8.3255e-09
0.255994	8.04937e-09
0.258721	7.7824e-09
0.261478	7.54122e-09
0.264263	7.30751e-09
0.267078	7.08105e-09
0.269923	6.86161e-09
0.272799	6.64896e-09
0.275705	6.44291e-09
0.278642	6.2573e-09
0.281611	6.07703e-09
0.284611	5.90196e-09
0.287642	5.73193e-09
0.290707	5.57933e-09
0.293804	5.43079e-09
0.296933	5.28621e-09
0.300097	5.14548e-09
0.303294	5.01977e-09
0.306525	4.89713e-09
0.30979	4.78824e-09
0.31309	4.68177e-09
0.316426	4.57767e-09
0.319796	4.48596e-09
0.323203	4.40598e-09
0.326646	4.32743e-09
0.330126	4.25985e-09
0.333643	4.19333e-09
0.337197	4.14644e-09
0.340789	4.10009e-09
0.34442	4.06337e-09
0.348089	4.04514e-09
0.351797	4.03605e-09
0.355545	4.04514e-09
0.359332	4.07252e-09
0.36316	4.12784e-09
0.367029	4.22171e-09
0.370939	4.36653e-09
0.374891	4.58798e-09
0.378884	4.97482e-09
0.382921	5.74483e-09
0.387	8.76741e-09
0.391122	4.17803e-05
0.395289	4.05311e-05
0.3995	3.93855e-05
0.403756	3.82079e-05
0.408057	3.71281e-05
0.412404	3.60179e-05
0.416798	3.4941e-05
0.421238	3.39534e-05
0.425725	3.29382e-05
0.43026	3.20073e-05
0.434844	3.10503e-05
0.439476	3.01727e-05
0.444158	2.93199e-05
0.44889	2.84433e-05
0.453672	2.75928e-05
0.458505	2.6813e-05
0.463389	2.60551e-05
0.468325	2.53188e-05
0.473315	2.45617e-05
0.478357	2.38675e-05
0.483453	2.3193e-05
0.488603	2.25755e-05
0.493808	2.19745e-05
0.499068	2.13895e-05
0.504385	2.0785e-05
0.509758	2.01975e-05
0.515189	1.96267e-05
0.520677	1.91042e-05
0.526224	1.85642e-05
0.53183	1.80395e-05
0.537495	1.75593e-05
0.543221	1.7063e-05
0.549008	1.65808e-05
0.554857	1.61121e-05
0.560767	1.56568e-05
0.566741	1.52143e-05
0.572779	1.47843e-05
0.578881	1.43907e-05
0.585047	1.3984e-05
0.59128	1.35887e-05
0.597579	1.3227e-05
0.603945	1.28531e-05
0.610379	1.25109e-05
0.616881	1.21779e-05
0.623453	1.18337e-05
0.630094	1.15186e-05
0.636807	1.1212e-05
0.64359	1.09319e-05
0.650447	1.06409e-05
0.657376	1.03751e-05
0.664379	1.00989e-05
0.671456	9.8466e-06
0.678609	9.60063e-06
0.685839	9.34504e-06
0.693145	9.1116e-06
0.700529	8.884e-06
0.707992	8.66208e-06
0.715534	8.43147e-06
0.723156	8.23473e-06
0.73086	8.02903e-06
0.738646	7.82847e-06
0.746515	7.63292e-06
0.754467	7.45481e-06
0.762505	7.28086e-06
0.770628	7.09899e-06
0.778837	6.93334e-06
0.787134	6.77156e-06
0.795519	6.61355e-06
0.803994	6.45923e-06
0.812559	6.30851e-06
0.821215	6.18212e-06
0.829964	6.03787e-06
0.838805	5.90694e-06
0.847741	5.7886e-06
0.856772	5.67263e-06
0.865899	5.55898e-06
0.875123	5.44761e-06
0.884446	5.34748e-06
0.893868	5.25806e-06
0.90339	5.17012e-06
0.913014	5.08366e-06
0.922741	5.00708e-06
0.932571	4.93166e-06
0.942505	4.86557e-06
0.952546	4.80037e-06
0.962693	4.73604e-06
0.972949	4.68836e-06
0.983313	4.63333e-06
0.993789	4.58669e-06
1.00438	4.54817e-06
1.01508	4.50238e-06
1.02589	4.47966e-06
1.03682	4.45862e-06
1.04786	4.44486e-06
1.05903	4.43799e-06
1.07031	4.45173e-06
1.08171	4.46552e-06
1.09323	4.50017e-06
1.10488	4.55617e-06
1.11665	4.62e-06
1.12854	4.70651e-06
1.14057	4.82438e-06
1.15272	4.97587e-06
1.165	5.17194e-06
1.17741	5.41745e-06
1.18995	5.77194e-06
1.20263	6.2939e-06
1.21544	7.11147e-06
1.22839	9.58378e-06
1.22839	1.11194e-05
1.21544	1.62509e-05
1.20263	1.99521e-05
1.18995	2.35841e-05
1.17741	2.73727e-05
1.165	3.11946e-05
1.15272	3.54006e-05
1.14057	3.98365e-05
1.12854	4.45768e-05
1.11665	4.96713e-05
1.10488	5.51928e-05
1.09323	6.12419e-05
1.08171	6.7573e-05
1.07031	7.44539e-05
1.05903	8.19202e-05
1.04786	8.98823e-05
1.03682	9.86183e-05
1.02589	0.000107824
1.01508	0.000117707
1.00438	0.000128207
0.993789	0.000139957
0.983313	0.000152442
0.972949	0.000165668
0.962693	0.000180446
0.952546	0.000196101
0.942505	0.000213115
0.932571	0.000232125
0.922741	0.000252264
0.913014	0.00027415
0.90339	0.000298605
0.893868	0.000325242
0.884446	0.000355852
0.875123	0.000388468
0.865899	0.000417451
0.856772	0.000447588
0.847741	0.000479902
0.838805	0.000514548
0.829964	0.000551695
0.821215	0.000590196
0.812559	0.000631383
0.803994	0.000675445
0.795519	0.000722581
0.787134	0.000771271
0.778837	0.000823242
0.770628	0.000876741
0.762505	0.000935818
0.754467	0.000996633
0.746515	0.00106379
0.738646	0.00113038
0.73086	0.00120654
0.723156	0.00128495
0.715534	0.00136845
0.707992	0.00145738
0.700529	0.00154861
0.693145	0.00164924
0.685839	0.00175642
0.678609	0.00186636
0.671456	0.00198765
0.664379	0.00211206
0.657376	0.00224932
0.650447	0.00239011
0.64359	0.00253972
0.636807	0.00269869
0.630094	0.00287406
0.623453	0.00305396
0.616881	0.00324512
0.610379	0.00344824
0.603945	0.00366408
0.597579	0.00389343
0.59128	0.00412784
0.585047	0.00438621
0.578881	0.00465029
0.572779	0.00494137
0.566741	0.00523888
0.560767	0.0055668
0.554857	0.00590196
0.549008	0.0062573
0.543221	0.00664896
0.537495	0.00704928
0.53183	0.00747369
0.526224	0.0079415
0.520677	0.00841963
0.515189	0.00892655
0.509758	0.00948529
0.504385	0.0100564
0.499068	0.0106618
0.493808	0.0113292
0.488603	0.0120113
0.483453	0.0127345
0.478357	0.0135316
0.473315	0.0143462
0.468325	0.0152442
0.463389	0.016162
0.458505	0.0171737
0.453672	0.0182486
0.44889	0.0193473
0.444158	0.0205584
0.439476	0.0218452
0.434844	0.0232125
0.43026	0.0246101
0.425725	0.0261505
0.421238	0.0277874
0.416798	0.0295267
0.412404	0.0314455
0.408057	0.0334138
0.403756	0.0355053
0.3995	0.0378126
0.395289	0.0401794
0.391122	0.0427905
0.387	0.132903
0.382921	0.145738
0.378884	0.15626
0.374891	0.167165
0.370939	0.178429
0.367029	0.190024
0.36316	0.202828
0.359332	0.216009
0.355545	0.230047
0.351797	0.244997
0.348089	0.261505
0.34442	0.278499
0.340789	0.297266
0.337197	0.316584
0.333643	0.337916
0.330126	0.360686
0.326646	0.38499
0.323203	0.410932
0.319796	0.439609
0.316426	0.469231
0.31309	0.501977
0.30979	0.538217
0.306525	0.575776
0.303294	0.617344
0.300097	0.661913
0.296933	0.711297
0.293804	0.764365
0.290707	0.821393
0.287642	0.884662
0.284611	0.952805
0.281611	1
0.278642	1
0.275705	1
0.272799	1
0.269923	1
0.267078	1
0.264263	1
0.261478	1
0.258721	1
0.255994	1
0.253296	1
0.250626	1
0.247984	1
0.24537	1
0.242784	1
0.240225	1
0.237693	1
0.235187	1
0.232708	1
0.230255	1
0.227828	1
0.225427	1
0.223051	1
0.2207	1
0.218373	1
0.216071	1
0.213794	1
0.21154	1
0.209311	1
0.207104	1
0.204921	1
0.202761	1
0.200624	1
0.198509	1
0.196417	1
0.194347	1
0.192298	1
0.190271	1
0.188265	1
0.186281	1
0.184317	1
0.182375	1
0.180452	1
0.17855	1
0.176668	1
0.174806	1
0.172963	1
0.17114	1
0.169336	1
0.167551	1
0.165785	1
0.164038	1
0.162309	1
0.160598	1
0.158905	1
0.15723	1
0.155573	1
0.153933	1
0.15231	1
0.150705	1
0.149116	1
0.147545	1
0.145989	1
0.144451	1
0.142928	1
0.141421	1
0.139931	1
0.138456	1
0.136996	1
0.135552	1
0.134123	1
0.13271	1
0.131311	1
0.129927	1
0.128557	1
0.127202	1
0.125861	1
0.124535	1
0.123222	1
0.121923	1
0.120638	1
0.119366	1
0.118108	1
0.116863	1
0.115631	1
0.114413	1
0.113207	1
0.112013	1
0.110833	1
0.109664	1
0.108508	1
0.107365	1
0.106233	1
0.105113	1
0.104005	1
0.102909	1
0.101824	1
0.100751	1
0.0996889	1
0.0986382	1
0.0975984	1
0.0965697	1
0.0955518	1
0.0945446	1
0.093548	1
0.092562	1
0.0915863	1
0.0906209	1
0.0896657	1
0.0887206	1
0.0877854	1
0.0868601	1
0.0859445	1
0.0850386	1
0.0841422	1
0.0832553	1
0.0823778	1
0.0815094	1
0.0806503	1
0.0798002	1
0.078959	1
0.0781267	1
0.0773032	1
0.0764884	1
0.0756821	1
0.0748844	1
0.0740951	1
0.0733141	1
0.0725413	1
0.0717766	1
0.0710201	1
0.0702715	1
0.0695308	1
0.0687979	1
0.0680727	1
0.0673551	1
0.0666452	1
0.0659427	1
0.0652476	1
0.0645599	1
0.0638794	1
0.063206	1
0.0625398	1
0.0618806	1
0.0612283	1
0.0605829	1
0.0599443	1
0.0593125	1
0.0586873	1
0.0580687	1
0.0574566	1
0.056851	1
0.0562517	1
0.0556588	1
0.0550721	1
0.0544916	1
0.0539172	1
0.0533489	1
0.0527866	1
0.0522302	1
0.0516796	1
0.0511349	1
0.0505959	1
0.0500626	1
0.0495349	1
0.0490127	1
0.0484961	1
0.0479849	1
0.0474791	1
0.0469787	1
0.0464835	1
0.0459935	1
0.0455087	1
0.045029	1
0.0445544	1
0.0440848	1
0.0436201	1
0.0431603	1
0.0427053	1
0.0422552	1
0.0418098	1
0.0413691	1
0.040933	1
0.0405016	1
0.0400747	1
0.0396522	1
0.0392343	1
0.0388207	1
0.0384115	1
0.0380066	1
0.037606	1
0.0372096	1
0.0368174	1
0.0364293	1
0.0360454	1
0.0356654	1
0.0352895	1
0.0349175	1
0.0345494	1
0.0341853	1
0.0338249	1
0.0334684	1
0.0331156	1
0.0327666	1
0.0324212	1
0.0320794	1
0.0317413	1
0.0314067	1
0.0310757	1
0.0307481	1
0.030424	1
0.0301033	1
0.029786	1
0.029472	1
0.0291614	1
0.028854	1
0.0285499	1
0.0282489	1
0.0279512	1
0.0276565	1
0.027365	1
0.0270766	1
0.0267912	1
0.0265088	1
0.0262293	1
0.0259529	1
0.0256793	1
0.0254086	1
0.0251408	1
0.0248758	1
0.0246136	1
0.0243542	1
0.0240974	1
0.0238434	1
0.0235921	1
0.0233434	1
0.0230974	1
0.0228539	1
0.022613	1
0.0223747	1
0.0221388	1
0.0219055	1
0.0216746	1
0.0214461	1
0.02122	1
0.0209964	1
0.0207751	1
0.0205561	1
0.0203394	1
0.020125	1
0.0199129	1
0.019703	1
0.0194953	1
0.0192898	1
0.0190865	1
0.0188853	1
0.0186862	1
0.0184893	1
0.0182944	1
0.0181015	1
0.0179107	1
0.0177219	1
0.0175351	1
0.0173503	1
0.0171674	1
0.0169865	1
0.0168074	1
0.0166303	1
0.016455	1
0.0162815	1
0.0161099	1
0.0159401	1
0.0157721	1
0.0156058	1
0.0154413	1
0.0152786	1
0.0151175	1
0.0149582	1
0.0148005	1
0.0146445	1
0.0144901	1
0.0143374	1
0.0141863	1
0.0140367	1
0.0138888	1
0.0137424	1
0.0135975	1
0.0134542	1
0.0133124	1
0.0131721	1
0.0130332	1
0.0128958	1
0.0127599	1
0.0126254	1
0.0124923	1
0.0123606	1
0.0122304	1
0.0121014	1
0.0119739	1
0.0118477	1
0.0117228	1
0.0115992	1
0.011477	1
0.011356	1
0.0112363	1
0.0111178	1
0.0110007	1
0.0108847	1
0.01077	1
0.0106564	1
0.0105441	1
0.010433	1
0.010323	1
0.0102142	1
0.0101065	1
0.01	1
0.01	0.000151758


