#Mass	Ue	Ut	Events
0.109664	0.45983
0.110833	0.235278
0.112013	0.139017
0.113207	0.0898697
0.114413	0.0618734
0.115631	0.0446583
0.116863	0.0333387
0.118108	0.0256843
0.119366	0.0201918
0.120638	0.0161984
0.121923	0.013201
0.123222	0.0109043
0.124535	0.00912955
0.125861	0.00771271
0.127202	0.00657463
0.128557	0.00566785
0.129927	0.00490815
0.131311	0.00427905
0.13271	0.00375584
0.134123	0.00331146
0.135552	0.00293282
0.136996	0.00261505
0.138456	0.00233697
0.139931	0.00209786
0.141421	0.00188746
0.142928	0.00170582
0.144451	0.00154861
0.145989	0.00140588
0.147545	0.00128207
0.149116	0.00117178
0.150705	0.0010734
0.15231	0.000983277
0.153933	0.00090478
0.155573	0.00083255
0.15723	0.000769539
0.158905	0.000711297
0.160598	0.000658943
0.162309	0.000610442
0.164038	0.00056806
0.165785	0.000528621
0.167551	0.00049192
0.169336	0.000458798
0.17114	0.000428869
0.172963	0.000400892
0.174806	0.00037474
0.176668	0.000351083
0.17855	0.00032966
0.180452	0.000309544
0.182375	0.000290656
0.184317	0.000273534
0.186281	0.000256266
0.188265	0.000242258
0.190271	0.0002285
0.192298	0.000216496
0.194347	0.000204661
0.196417	0.000193473
0.198509	0.000183309
0.200624	0.000174461
0.202761	0.000165668
0.204921	0.000156964
0.207104	0.000149053
0.209311	0.00014154
0.21154	0.000134406
0.213794	0.000127631
0.216071	0.000121198
0.218373	0.000115348
0.2207	0.000109781
0.223051	0.000104482
0.225427	9.96633e-05
0.227828	9.48529e-05
0.230255	9.04526e-05
0.232708	8.62806e-05
0.235187	8.2301e-05
0.237693	7.8505e-05
0.240225	7.50105e-05
0.242784	7.15508e-05
0.24537	6.83658e-05
0.247984	6.53226e-05
0.250626	6.25202e-05
0.253296	5.97372e-05
0.255994	5.71745e-05
0.258721	5.47216e-05
0.261478	5.23741e-05
0.264263	5.02118e-05
0.267078	4.80577e-05
0.269923	4.60736e-05
0.272799	4.4097e-05
0.275705	4.22765e-05
0.278642	4.05995e-05
0.281611	3.89233e-05
0.284611	3.73164e-05
0.287642	3.58361e-05
0.290707	3.43566e-05
0.293804	3.29938e-05
0.296933	3.16851e-05
0.300097	3.04282e-05
0.303294	2.92705e-05
0.306525	2.81095e-05
0.30979	2.69944e-05
0.31309	2.59674e-05
0.316426	2.49795e-05
0.319796	2.40291e-05
0.323203	2.31149e-05
0.326646	2.22354e-05
0.330126	2.13895e-05
0.333643	2.05757e-05
0.337197	1.98597e-05
0.340789	1.91687e-05
0.34442	1.84705e-05
0.348089	1.77978e-05
0.351797	1.71496e-05
0.355545	1.65528e-05
0.359332	1.59499e-05
0.36316	1.53949e-05
0.367029	1.48342e-05
0.370939	1.4318e-05
0.374891	1.38198e-05
0.378884	1.3339e-05
0.382921	1.28531e-05
0.387	1.24268e-05
0.391122	1.19742e-05
0.395289	1.15576e-05
0.3995	1.11742e-05
0.403756	1.07854e-05
0.408057	1.04101e-05
0.412404	1.00479e-05
0.416798	9.71464e-06
0.421238	9.37661e-06
0.425725	9.06562e-06
0.43026	8.75017e-06
0.434844	8.45996e-06
0.439476	8.17937e-06
0.444158	7.90808e-06
0.44889	7.6458e-06
0.453672	7.37976e-06
0.458505	7.14704e-06
0.463389	6.90999e-06
0.468325	6.68081e-06
0.473315	6.45923e-06
0.478357	6.245e-06
0.483453	6.04806e-06
0.488603	5.86722e-06
0.493808	5.6822e-06
0.499068	5.50301e-06
0.504385	5.32948e-06
0.509758	5.16141e-06
0.515189	4.99865e-06
0.520677	4.84102e-06
0.526224	4.68836e-06
0.53183	4.54051e-06
0.537495	4.40475e-06
0.543221	4.26584e-06
0.549008	4.13132e-06
0.554857	4.00104e-06
0.560767	3.88141e-06
0.566741	3.75901e-06
0.572779	3.64661e-06
0.578881	3.53162e-06
0.585047	3.42602e-06
0.59128	3.31798e-06
0.597579	3.21877e-06
0.603945	3.12253e-06
0.610379	3.02917e-06
0.616881	2.93859e-06
0.623453	2.85073e-06
0.630094	2.76549e-06
0.636807	2.68733e-06
0.64359	2.61138e-06
0.650447	2.5333e-06
0.657376	2.46586e-06
0.664379	2.39616e-06
0.671456	2.32844e-06
0.678609	2.26263e-06
0.685839	2.19869e-06
0.693145	2.13654e-06
0.700529	2.07616e-06
0.707992	2.02089e-06
0.715534	1.96377e-06
0.723156	1.91149e-06
0.73086	1.85747e-06
0.738646	1.81107e-06
0.746515	1.76285e-06
0.754467	1.71592e-06
0.762505	1.67024e-06
0.770628	1.62852e-06
0.778837	1.58516e-06
0.787134	1.54556e-06
0.795519	1.50696e-06
0.803994	1.46684e-06
0.812559	1.4302e-06
0.821215	1.39447e-06
0.829964	1.35964e-06
0.838805	1.32791e-06
0.847741	1.29693e-06
0.856772	1.26666e-06
0.865899	1.23711e-06
0.875123	1.20824e-06
0.884446	1.18005e-06
0.893868	1.15446e-06
0.90339	1.12942e-06
0.913014	1.10493e-06
0.922741	1.08279e-06
0.932571	1.0611e-06
0.942505	1.03984e-06
0.952546	1.01901e-06
0.962693	1.00028e-06
0.972949	9.81896e-07
0.983313	9.63849e-07
0.993789	9.46133e-07
1.00438	9.30311e-07
1.01508	9.14753e-07
1.02589	8.99455e-07
1.03682	8.85906e-07
1.04786	8.72561e-07
1.05903	8.59417e-07
1.07031	8.49331e-07
1.08171	8.39364e-07
1.09323	8.29513e-07
1.10488	8.22548e-07
1.11665	8.14267e-07
1.12854	8.08224e-07
1.14057	8.03693e-07
1.15272	7.99188e-07
1.165	7.96945e-07
1.17741	7.94708e-07
1.18995	7.94708e-07
1.20263	7.95826e-07
1.21544	7.98066e-07
1.22839	8.01437e-07
1.24147	8.07089e-07
1.2547	8.13923e-07
1.26806	8.23126e-07
1.28157	8.34776e-07
1.29523	8.50167e-07
1.30902	8.6828e-07
1.32297	8.89274e-07
1.33706	9.1591e-07
1.35131	9.48663e-07
1.3657	9.86738e-07
1.38025	1.03292e-06
1.39495	1.09204e-06
1.40981	1.1653e-06
1.42483	1.25506e-06
1.44001	1.37067e-06
1.45535	1.51088e-06
1.47086	1.70026e-06
1.48653	1.94175e-06
1.50236	2.31449e-06
1.50236	6.05784e-06
1.48653	7.5566e-06
1.47086	8.98508e-06
1.45535	1.04968e-05
1.44001	1.20468e-05
1.42483	1.36711e-05
1.40981	1.54058e-05
1.39495	1.72148e-05
1.38025	1.91283e-05
1.3657	2.11503e-05
1.35131	2.33237e-05
1.33706	2.56338e-05
1.32297	2.81253e-05
1.30902	3.0755e-05
1.29523	3.35738e-05
1.28157	3.65893e-05
1.26806	3.98757e-05
1.2547	4.3384e-05
1.24147	4.71214e-05
1.22839	5.11807e-05
1.21544	5.54961e-05
1.20263	6.01754e-05
1.18995	6.51393e-05
1.17741	7.06316e-05
1.165	7.6458e-05
1.15272	8.26255e-05
1.14057	8.94413e-05
1.12854	9.66561e-05
1.11665	0.000104482
1.10488	0.000112784
1.09323	0.000121744
1.08171	0.000131417
1.07031	0.000141859
1.05903	0.000152785
1.04786	0.000164554
1.03682	0.000177229
1.02589	0.000190881
1.01508	0.000205122
1.00438	0.000220425
0.993789	0.000236871
0.983313	0.000254543
0.972949	0.000273534
0.962693	0.000293942
0.952546	0.000315872
0.942505	0.000339439
0.932571	0.000364764
0.922741	0.000391978
0.913014	0.000421223
0.90339	0.000452649
0.893868	0.00048642
0.884446	0.000522711
0.875123	0.000561709
0.865899	0.000602262
0.856772	0.000647195
0.847741	0.000693919
0.838805	0.000744016
0.829964	0.000797729
0.821215	0.000853399
0.812559	0.000912955
0.803994	0.000974472
0.795519	0.00104014
0.787134	0.00110773
0.778837	0.00117972
0.770628	0.00125074
0.762505	0.00132605
0.754467	0.00140905
0.746515	0.00149388
0.738646	0.00158382
0.73086	0.00167918
0.723156	0.00178028
0.715534	0.00188746
0.707992	0.0020011
0.700529	0.00212158
0.693145	0.00224932
0.685839	0.00238474
0.678609	0.00252832
0.671456	0.00267452
0.664379	0.00283555
0.657376	0.00299951
0.650447	0.0031801
0.64359	0.003364
0.636807	0.00355852
0.630094	0.00377277
0.623453	0.00399093
0.616881	0.00422171
0.610379	0.00446583
0.603945	0.00472407
0.597579	0.00499724
0.59128	0.00528621
0.585047	0.00559189
0.578881	0.00591524
0.572779	0.0062573
0.566741	0.00660426
0.560767	0.00698616
0.554857	0.00739013
0.549008	0.00779991
0.543221	0.00825095
0.537495	0.00870846
0.53183	0.00921203
0.526224	0.00972284
0.520677	0.0102851
0.515189	0.0108554
0.509758	0.0114831
0.504385	0.0121198
0.499068	0.0128207
0.493808	0.0135316
0.488603	0.0142819
0.483453	0.0151077
0.478357	0.0159454
0.473315	0.0168296
0.468325	0.0178028
0.463389	0.01879
0.458505	0.0198319
0.453672	0.0209786
0.44889	0.0221419
0.444158	0.0234223
0.439476	0.024721
0.434844	0.0260918
0.43026	0.0276006
0.425725	0.029131
0.421238	0.0308155
0.416798	0.0325242
0.412404	0.034405
0.408057	0.0363127
0.403756	0.0384125
0.3995	0.0406337
0.395289	0.0428869
0.391122	0.0453668
0.387	0.0479902
0.382921	0.0506512
0.378884	0.0535801
0.374891	0.0566785
0.370939	0.0599559
0.367029	0.0634229
0.36316	0.0670904
0.359332	0.0709699
0.355545	0.0750738
0.351797	0.0795937
0.348089	0.0841963
0.34442	0.089065
0.340789	0.0944273
0.337197	0.0998876
0.333643	0.105902
0.330126	0.112278
0.326646	0.119037
0.323203	0.126204
0.319796	0.133803
0.316426	0.141859
0.31309	0.150399
0.30979	0.159454
0.306525	0.169435
0.303294	0.179636
0.300097	0.190881
0.296933	0.202828
0.293804	0.215524
0.290707	0.229015
0.287642	0.243897
0.284611	0.259164
0.281611	0.276006
0.278642	0.293942
0.275705	0.313044
0.272799	0.333387
0.269923	0.355053
0.267078	0.378977
0.264263	0.403605
0.261478	0.431771
0.258721	0.460866
0.255994	0.49192
0.253296	0.526249
0.250626	0.562974
0.247984	0.602262
0.24537	0.645741
0.242784	0.690805
0.240225	0.740677
0.237693	0.795937
0.235187	0.855321
0.232708	0.919134
0.230255	0.987709
0.227828	1
0.225427	1
0.223051	1
0.2207	1
0.218373	1
0.216071	1
0.213794	1
0.21154	1
0.209311	1
0.207104	1
0.204921	1
0.202761	1
0.200624	1
0.198509	1
0.196417	1
0.194347	1
0.192298	1
0.190271	1
0.188265	1
0.186281	1
0.184317	1
0.182375	1
0.180452	1
0.17855	1
0.176668	1
0.174806	1
0.172963	1
0.17114	1
0.169336	1
0.167551	1
0.165785	1
0.164038	1
0.162309	1
0.160598	1
0.158905	1
0.15723	1
0.155573	1
0.153933	1
0.15231	1
0.150705	1
0.149116	1
0.147545	1
0.145989	1
0.144451	1
0.142928	1
0.141421	1
0.139931	1
0.138456	1
0.136996	1
0.135552	1
0.134123	1
0.13271	1
0.131311	1
0.129927	1
0.128557	1
0.127202	1
0.125861	1
0.124535	1
0.123222	1
0.121923	1
0.120638	1
0.119366	1
0.118108	1
0.116863	1
0.115631	1
0.114413	1
0.113207	1
0.112013	1
0.110833	1
0.109664	1
0.109664	0.45983


