#Mass	Ue	Um	Ut	Events
0.106233	0.167165
0.107365	0.000678489
0.108508	0.000164554
0.109664	6.80017e-05
0.110833	3.54255e-05
0.112013	2.11206e-05
0.113207	1.37154e-05
0.114413	9.48529e-06
0.115631	6.86161e-06
0.116863	5.14548e-06
0.118108	3.9641e-06
0.119366	3.12341e-06
0.120638	2.51132e-06
0.121923	2.05122e-06
0.123222	1.70199e-06
0.124535	1.42498e-06
0.125861	1.20654e-06
0.127202	1.03082e-06
0.128557	8.88649e-07
0.129927	7.71271e-07
0.131311	6.73928e-07
0.13271	5.92856e-07
0.134123	5.23888e-07
0.135552	4.65029e-07
0.136996	4.14644e-07
0.138456	3.71385e-07
0.139931	3.34138e-07
0.141421	3.01303e-07
0.142928	2.7292e-07
0.144451	2.47767e-07
0.145989	2.25438e-07
0.147545	2.06046e-07
0.149116	1.88323e-07
0.150705	1.72899e-07
0.15231	1.58739e-07
0.153933	1.46395e-07
0.155573	1.35012e-07
0.15723	1.24793e-07
0.158905	1.15608e-07
0.160598	1.0734e-07
0.162309	9.96633e-08
0.164038	9.27439e-08
0.165785	8.64991e-08
0.167551	8.06749e-08
0.169336	7.54122e-08
0.17114	7.04928e-08
0.172963	6.60426e-08
0.174806	6.18734e-08
0.176668	5.80979e-08
0.17855	5.45527e-08
0.180452	5.13392e-08
0.182375	4.8315e-08
0.184317	4.54689e-08
0.186281	4.28869e-08
0.188265	4.04514e-08
0.190271	3.82401e-08
0.192298	3.60686e-08
0.194347	3.41737e-08
0.196417	3.23056e-08
0.198509	3.06083e-08
0.200624	2.95267e-08
0.202761	2.79755e-08
0.204921	2.65654e-08
0.207104	2.52264e-08
0.209311	2.39011e-08
0.21154	2.27475e-08
0.213794	2.16009e-08
0.216071	2.05584e-08
0.218373	1.95661e-08
0.2207	1.86217e-08
0.223051	1.77229e-08
0.225427	1.68675e-08
0.227828	1.60895e-08
0.230255	1.53474e-08
0.232708	1.46395e-08
0.235187	1.39643e-08
0.237693	1.33502e-08
0.240225	1.27345e-08
0.242784	1.21744e-08
0.24537	1.16391e-08
0.247984	1.11272e-08
0.250626	1.06379e-08
0.253296	1.01844e-08
0.255994	9.74472e-09
0.258721	9.33716e-09
0.261478	8.92655e-09
0.264263	8.55321e-09
0.267078	8.19548e-09
0.269923	7.87039e-09
0.272799	7.54122e-09
0.275705	7.24208e-09
0.278642	6.95481e-09
0.281611	6.67893e-09
0.284611	6.414e-09
0.287642	6.15958e-09
0.290707	5.91524e-09
0.293804	5.69339e-09
0.296933	5.47986e-09
0.300097	5.27434e-09
0.303294	5.07652e-09
0.306525	4.88613e-09
0.30979	4.71346e-09
0.31309	4.54689e-09
0.316426	4.38621e-09
0.319796	4.23121e-09
0.323203	4.09088e-09
0.326646	3.94631e-09
0.330126	3.82401e-09
0.333643	3.69718e-09
0.337197	3.58261e-09
0.340789	3.47158e-09
0.34442	3.37157e-09
0.348089	3.28181e-09
0.351797	3.19444e-09
0.355545	3.11639e-09
0.359332	3.05396e-09
0.36316	2.99951e-09
0.367029	2.95932e-09
0.370939	2.94604e-09
0.374891	2.95932e-09
0.378884	3.04026e-09
0.382921	3.27444e-09
0.387	4.4558e-09
0.391122	9.48796e-06
0.395289	9.15782e-06
0.3995	8.83916e-06
0.403756	8.5316e-06
0.408057	8.24863e-06
0.412404	7.96161e-06
0.416798	7.69755e-06
0.421238	7.42971e-06
0.425725	7.18329e-06
0.43026	6.93334e-06
0.434844	6.70338e-06
0.439476	6.48105e-06
0.444158	6.2661e-06
0.44889	6.05827e-06
0.453672	5.85734e-06
0.458505	5.66307e-06
0.463389	5.47524e-06
0.468325	5.30258e-06
0.473315	5.12671e-06
0.478357	4.95667e-06
0.483453	4.80037e-06
0.488603	4.65683e-06
0.493808	4.50998e-06
0.499068	4.36776e-06
0.504385	4.23002e-06
0.509758	4.09663e-06
0.515189	3.96744e-06
0.520677	3.84233e-06
0.526224	3.72116e-06
0.53183	3.60382e-06
0.537495	3.49606e-06
0.543221	3.38581e-06
0.549008	3.27904e-06
0.554857	3.181e-06
0.560767	3.08069e-06
0.566741	2.98857e-06
0.572779	2.89433e-06
0.578881	2.80779e-06
0.585047	2.72383e-06
0.59128	2.63794e-06
0.597579	2.55906e-06
0.603945	2.48255e-06
0.610379	2.40832e-06
0.616881	2.33631e-06
0.623453	2.27028e-06
0.630094	2.2024e-06
0.636807	2.14015e-06
0.64359	2.07966e-06
0.650447	2.01748e-06
0.657376	1.96377e-06
0.664379	1.90827e-06
0.671456	1.85434e-06
0.678609	1.80497e-06
0.685839	1.751e-06
0.693145	1.70438e-06
0.700529	1.65621e-06
0.707992	1.61212e-06
0.715534	1.5692e-06
0.723156	1.52485e-06
0.73086	1.48426e-06
0.738646	1.44718e-06
0.746515	1.40865e-06
0.754467	1.37115e-06
0.762505	1.3369e-06
0.770628	1.3035e-06
0.778837	1.2688e-06
0.787134	1.23711e-06
0.795519	1.2062e-06
0.803994	1.17607e-06
0.812559	1.1467e-06
0.821215	1.11805e-06
0.829964	1.09196e-06
0.838805	1.06648e-06
0.847741	1.0416e-06
0.856772	1.01729e-06
0.865899	9.93556e-07
0.875123	9.7201e-07
0.884446	9.50932e-07
0.893868	9.30311e-07
0.90339	9.10136e-07
0.913014	8.91903e-07
0.922741	8.74034e-07
0.932571	8.56523e-07
0.942505	8.4078e-07
0.952546	8.23936e-07
0.962693	8.08792e-07
0.972949	7.95267e-07
0.983313	7.81967e-07
0.993789	7.67594e-07
1.00438	7.56032e-07
1.01508	7.43388e-07
1.02589	7.3219e-07
1.03682	7.21262e-07
1.04786	7.12197e-07
1.05903	7.02258e-07
1.07031	6.94406e-07
1.08171	6.86643e-07
1.09323	6.79921e-07
1.10488	6.73265e-07
1.11665	6.68551e-07
1.12854	6.63869e-07
1.14057	6.60148e-07
1.15272	6.5737e-07
1.165	6.55525e-07
1.17741	6.54605e-07
1.18995	6.54605e-07
1.20263	6.56447e-07
1.21544	6.58295e-07
1.22839	6.62006e-07
1.24147	6.67612e-07
1.2547	6.74212e-07
1.26806	6.82794e-07
1.28157	6.92457e-07
1.29523	7.05225e-07
1.30902	7.21262e-07
1.32297	7.38702e-07
1.33706	7.6297e-07
1.35131	7.90253e-07
1.3657	8.23126e-07
1.38025	8.63412e-07
1.39495	9.14624e-07
1.40981	9.78452e-07
1.42483	1.06032e-06
1.44001	1.17224e-06
1.45535	1.32302e-06
1.47086	1.58166e-06
1.47086	3.74556e-06
1.45535	4.69396e-06
1.44001	5.57267e-06
1.42483	6.47422e-06
1.40981	7.40885e-06
1.39495	8.37949e-06
1.38025	9.39772e-06
1.3657	1.04688e-05
1.35131	1.16031e-05
1.33706	1.28387e-05
1.32297	1.41341e-05
1.30902	1.5534e-05
1.29523	1.70438e-05
1.28157	1.86374e-05
1.26806	2.03457e-05
1.2547	2.22105e-05
1.24147	2.42053e-05
1.22839	2.63349e-05
1.21544	2.86519e-05
1.20263	3.11202e-05
1.18995	3.38011e-05
1.17741	3.6713e-05
1.165	3.98085e-05
1.15272	4.3165e-05
1.14057	4.67257e-05
1.12854	5.05801e-05
1.11665	5.48448e-05
1.10488	5.92689e-05
1.09323	6.4158e-05
1.08171	6.93334e-05
1.07031	7.49262e-05
1.05903	8.09702e-05
1.04786	8.75017e-05
1.03682	9.44008e-05
1.02589	0.000101701
1.01508	0.000109781
1.00438	0.000118237
0.993789	0.000127345
0.983313	0.000137154
0.972949	0.000147718
0.962693	0.000159454
0.952546	0.000171737
0.942505	0.000184965
0.932571	0.000199212
0.922741	0.00021504
0.913014	0.000231604
0.90339	0.000250005
0.893868	0.000269869
0.884446	0.000291966
0.875123	0.000315872
0.865899	0.000337916
0.856772	0.000362311
0.847741	0.000387596
0.838805	0.000414644
0.829964	0.000443581
0.821215	0.000474536
0.812559	0.000506512
0.803994	0.000540642
0.795519	0.000577073
0.787134	0.000614574
0.778837	0.000653042
0.770628	0.000693919
0.762505	0.000737354
0.754467	0.000783507
0.746515	0.00083255
0.738646	0.000882675
0.73086	0.000937925
0.723156	0.000994394
0.715534	0.00105664
0.707992	0.00112025
0.700529	0.0011877
0.693145	0.00126204
0.685839	0.00133803
0.678609	0.00141859
0.671456	0.00150399
0.664379	0.00159454
0.657376	0.00169055
0.650447	0.00179233
0.64359	0.00190024
0.636807	0.00201465
0.630094	0.00213115
0.623453	0.00225946
0.616881	0.00239549
0.610379	0.00253401
0.603945	0.00268658
0.597579	0.00284193
0.59128	0.00301303
0.585047	0.00318726
0.578881	0.00337157
0.572779	0.00357456
0.566741	0.00378126
0.560767	0.00399992
0.554857	0.00423121
0.549008	0.00447588
0.543221	0.00473471
0.537495	0.00500849
0.53183	0.00529811
0.526224	0.00560448
0.520677	0.00592856
0.515189	0.00627138
0.509758	0.00663403
0.504385	0.00701765
0.499068	0.00742344
0.493808	0.00785271
0.488603	0.0083068
0.483453	0.00878714
0.478357	0.00929526
0.473315	0.00983277
0.468325	0.0104014
0.463389	0.0110028
0.458505	0.0116391
0.453672	0.0123398
0.44889	0.0130534
0.444158	0.0138082
0.439476	0.0146067
0.434844	0.0154513
0.43026	0.0163448
0.425725	0.0173288
0.421238	0.0183309
0.416798	0.0193909
0.412404	0.0205584
0.408057	0.0217471
0.403756	0.0230565
0.3995	0.0244446
0.395289	0.0258582
0.391122	0.027415
0.387	0.0701765
0.382921	0.0760935
0.378884	0.0810385
0.374891	0.086111
0.370939	0.091501
0.367029	0.09701
0.36316	0.102851
0.359332	0.109043
0.355545	0.115868
0.351797	0.122844
0.348089	0.130241
0.34442	0.138082
0.340789	0.146725
0.337197	0.155559
0.333643	0.165296
0.330126	0.175248
0.326646	0.186217
0.323203	0.197873
0.319796	0.210259
0.316426	0.223922
0.31309	0.237939
0.30979	0.253401
0.306525	0.269869
0.303294	0.287406
0.300097	0.306083
0.296933	0.326708
0.293804	0.34794
0.290707	0.371385
0.287642	0.39641
0.284611	0.424074
0.281611	0.453668
0.278642	0.485328
0.275705	0.519197
0.272799	0.55668
0.269923	0.596869
0.267078	0.6414
0.264263	0.687705
0.261478	0.740677
0.258721	0.797729
0.255994	0.859176
0.253296	0.927439
0.250626	1
0.247984	1
0.24537	1
0.242784	1
0.240225	1
0.237693	1
0.235187	1
0.232708	1
0.230255	1
0.227828	1
0.225427	1
0.223051	1
0.2207	1
0.218373	1
0.216071	1
0.213794	1
0.21154	1
0.209311	1
0.207104	1
0.204921	1
0.202761	1
0.200624	1
0.198509	1
0.196417	1
0.194347	1
0.192298	1
0.190271	1
0.188265	1
0.186281	1
0.184317	1
0.182375	1
0.180452	1
0.17855	1
0.176668	1
0.174806	1
0.172963	1
0.17114	1
0.169336	1
0.167551	1
0.165785	1
0.164038	1
0.162309	1
0.160598	1
0.158905	1
0.15723	1
0.155573	1
0.153933	1
0.15231	1
0.150705	1
0.149116	1
0.147545	1
0.145989	1
0.144451	1
0.142928	1
0.141421	1
0.139931	1
0.138456	1
0.136996	1
0.135552	1
0.134123	1
0.13271	1
0.131311	1
0.129927	1
0.128557	1
0.127202	1
0.125861	1
0.124535	1
0.123222	1
0.121923	1
0.120638	1
0.119366	1
0.118108	1
0.116863	1
0.115631	1
0.114413	1
0.113207	1
0.112013	1
0.110833	1
0.109664	1
0.108508	1
0.107365	1
0.106233	1
0.106233	0.167165


