#Mass	Um	Ut	Events
0.01	0.000351083
0.0101065	0.000340203
0.0102142	0.00032966
0.010323	0.000319444
0.010433	0.000309544
0.0105441	0.000299951
0.0106564	0.000290656
0.01077	0.000281648
0.0108847	0.000272307
0.0110007	0.000263868
0.0111178	0.000255691
0.0112363	0.000247767
0.011356	0.000240088
0.011477	0.000232648
0.0115992	0.000225438
0.0117228	0.000218452
0.0118477	0.000211682
0.0119739	0.000205122
0.0121014	0.000198765
0.0122304	0.000192605
0.0123606	0.000186636
0.0124923	0.000180446
0.0126254	0.000174854
0.0127599	0.000169435
0.0128958	0.000164184
0.0130332	0.000159096
0.0131721	0.000154166
0.0133124	0.000149388
0.0134542	0.000144759
0.0135975	0.000140273
0.0137424	0.000135925
0.0138888	0.000131713
0.0140367	0.000127631
0.0141863	0.000123676
0.0143374	0.000119843
0.0144901	0.000116129
0.0146445	0.00011253
0.0148005	0.000109043
0.0149582	0.000105664
0.0151175	0.000102389
0.0152786	9.92161e-05
0.0154413	9.61413e-05
0.0156058	9.31619e-05
0.0157721	9.02748e-05
0.0159401	8.74771e-05
0.0161099	8.4957e-05
0.0162815	8.23242e-05
0.016455	7.97729e-05
0.0166303	7.73007e-05
0.0168074	7.49052e-05
0.0169865	7.25838e-05
0.0171674	7.03344e-05
0.0173503	6.81547e-05
0.0175351	6.61913e-05
0.0177219	6.414e-05
0.0179107	6.21523e-05
0.0181015	6.02262e-05
0.0182944	5.83597e-05
0.0184893	5.66785e-05
0.0186862	5.4922e-05
0.0188853	5.32199e-05
0.0190865	5.16867e-05
0.0192898	5.00849e-05
0.0194953	4.85328e-05
0.019703	4.71346e-05
0.0199129	4.56739e-05
0.020125	4.43581e-05
0.0203394	4.29834e-05
0.0205561	4.17451e-05
0.0207751	4.04514e-05
0.0209964	3.9286e-05
0.02122	3.80686e-05
0.0214461	3.69718e-05
0.0216746	3.58261e-05
0.0219055	3.4794e-05
0.0221388	3.37916e-05
0.0223747	3.28181e-05
0.022613	3.18726e-05
0.0228539	3.09544e-05
0.0230974	3.00627e-05
0.0233434	2.91966e-05
0.0235921	2.83555e-05
0.0238434	2.75386e-05
0.0240974	2.67452e-05
0.0243542	2.59747e-05
0.0246136	2.52832e-05
0.0248758	2.45548e-05
0.0251408	2.39011e-05
0.0254086	2.32648e-05
0.0256793	2.26454e-05
0.0259529	2.20425e-05
0.0262293	2.14557e-05
0.0265088	2.08845e-05
0.0267912	2.03285e-05
0.0270766	1.98319e-05
0.027365	1.93473e-05
0.0276565	1.88746e-05
0.0279512	1.84135e-05
0.0282489	1.80041e-05
0.0285499	1.76038e-05
0.028854	1.72123e-05
0.0291614	1.68675e-05
0.029472	1.65296e-05
0.029786	1.62349e-05
0.0301033	1.59813e-05
0.030424	1.57318e-05
0.0307481	1.55209e-05
0.0310757	1.53474e-05
0.0314067	1.52442e-05
0.0317413	1.521e-05
0.0320794	1.52442e-05
0.0324212	1.5382e-05
0.0327666	1.57318e-05
0.0331156	1.64184e-05
0.0334684	1.79233e-05
0.0338249	2.33697e-05
0.0341853	3.89343e-05
0.0345494	3.78126e-05
0.0349175	3.67233e-05
0.0352895	3.57456e-05
0.0356654	3.47158e-05
0.0360454	3.37916e-05
0.0364293	3.28181e-05
0.0368174	3.19444e-05
0.0372096	3.10241e-05
0.037606	3.01982e-05
0.0380066	2.93282e-05
0.0384115	2.85474e-05
0.0388207	2.7725e-05
0.0392343	2.69869e-05
0.0396522	2.62094e-05
0.0400747	2.55116e-05
0.0405016	2.47767e-05
0.040933	2.41171e-05
0.0413691	2.3475e-05
0.0418098	2.27987e-05
0.0422552	2.21917e-05
0.0427053	2.15524e-05
0.0431603	2.09786e-05
0.0436201	2.04201e-05
0.0440848	1.98319e-05
0.0445544	1.93039e-05
0.045029	1.87478e-05
0.0455087	1.82486e-05
0.0459935	1.77628e-05
0.0464835	1.72511e-05
0.0469787	1.67918e-05
0.0474791	1.63081e-05
0.0479849	1.58739e-05
0.0484961	1.54513e-05
0.0490127	1.50062e-05
0.0495349	1.46067e-05
0.0500626	1.41859e-05
0.0505959	1.38082e-05
0.0511349	1.34104e-05
0.0516796	1.30534e-05
0.0522302	1.26773e-05
0.0527866	1.23121e-05
0.0533489	1.19843e-05
0.0539172	1.16391e-05
0.0544916	1.13038e-05
0.0550721	1.10028e-05
0.0556588	1.06858e-05
0.0562517	1.0378e-05
0.056851	1.0079e-05
0.0574566	9.78865e-06
0.0580687	9.50665e-06
0.0586873	9.23277e-06
0.0593125	8.96678e-06
0.0599443	8.70846e-06
0.0605829	8.45758e-06
0.0612283	8.21393e-06
0.0618806	7.97729e-06
0.0625398	7.73007e-06
0.063206	7.50738e-06
0.0638794	7.2911e-06
0.0645599	7.06515e-06
0.0652476	6.86161e-06
0.0659427	6.64896e-06
0.0666452	6.44291e-06
0.0673551	6.24324e-06
0.0680727	6.06338e-06
0.0687979	5.87547e-06
0.0695308	5.69339e-06
0.0702715	5.51695e-06
0.0710201	5.33397e-06
0.0717766	5.16867e-06
0.0725413	5.00849e-06
0.0733141	4.85328e-06
0.0740951	4.69231e-06
0.0748844	4.54689e-06
0.0756821	4.39609e-06
0.0764884	4.25985e-06
0.0773032	4.11857e-06
0.0781267	3.98197e-06
0.078959	3.8499e-06
0.0798002	3.73059e-06
0.0806503	3.60686e-06
0.0815094	3.48723e-06
0.0823778	3.37157e-06
0.0832553	3.25974e-06
0.0841422	3.15163e-06
0.0850386	3.04026e-06
0.0859445	2.93942e-06
0.0868601	2.84193e-06
0.0877854	2.74767e-06
0.0887206	2.65057e-06
0.0896657	2.56266e-06
0.0906209	2.47767e-06
0.0915863	2.39011e-06
0.092562	2.31084e-06
0.093548	2.22918e-06
0.0945446	2.15524e-06
0.0955518	2.07908e-06
0.0965697	2.01012e-06
0.0975984	1.93909e-06
0.0986382	1.87478e-06
0.0996889	1.80852e-06
0.100751	1.74854e-06
0.101824	1.68675e-06
0.102909	1.62714e-06
0.104005	1.57318e-06
0.105113	1.51758e-06
0.106233	1.46725e-06
0.107365	1.4154e-06
0.108508	1.36538e-06
0.109664	1.3201e-06
0.110833	1.27345e-06
0.112013	1.22844e-06
0.113207	1.1877e-06
0.114413	1.14573e-06
0.115631	1.10524e-06
0.116863	1.06618e-06
0.118108	1.03082e-06
0.119366	9.94394e-07
0.120638	9.59254e-07
0.121923	9.25355e-07
0.123222	8.92655e-07
0.124535	8.63048e-07
0.125861	8.3255e-07
0.127202	8.03129e-07
0.128557	7.74747e-07
0.129927	7.47369e-07
0.131311	7.20958e-07
0.13271	6.97046e-07
0.134123	6.72414e-07
0.135552	6.48652e-07
0.136996	6.2573e-07
0.138456	6.03617e-07
0.139931	5.82286e-07
0.141421	5.61709e-07
0.142928	5.4186e-07
0.144451	5.22711e-07
0.145989	5.04239e-07
0.147545	4.8642e-07
0.149116	4.69231e-07
0.150705	4.52649e-07
0.15231	4.36653e-07
0.153933	4.21223e-07
0.155573	4.06337e-07
0.15723	3.91978e-07
0.158905	3.78977e-07
0.160598	3.65585e-07
0.162309	3.52666e-07
0.164038	3.40203e-07
0.165785	3.28181e-07
0.167551	3.16584e-07
0.169336	3.05396e-07
0.17114	2.94604e-07
0.172963	2.84193e-07
0.174806	2.7415e-07
0.176668	2.64462e-07
0.17855	2.55116e-07
0.180452	2.46655e-07
0.182375	2.37939e-07
0.184317	2.2953e-07
0.186281	2.21419e-07
0.188265	2.13594e-07
0.190271	2.06046e-07
0.192298	1.99212e-07
0.194347	1.92173e-07
0.196417	1.85382e-07
0.198509	1.79233e-07
0.200624	1.76038e-07
0.202761	1.70199e-07
0.204921	1.64184e-07
0.207104	1.58382e-07
0.209311	1.52785e-07
0.21154	1.47718e-07
0.213794	1.42498e-07
0.216071	1.37772e-07
0.218373	1.32903e-07
0.2207	1.28495e-07
0.223051	1.23954e-07
0.225427	1.19843e-07
0.227828	1.15868e-07
0.230255	1.11774e-07
0.232708	1.08067e-07
0.235187	1.04482e-07
0.237693	1.01017e-07
0.240225	9.76666e-08
0.242784	9.44273e-08
0.24537	9.12955e-08
0.247984	8.84662e-08
0.250626	8.55321e-08
0.253296	8.28814e-08
0.255994	8.01325e-08
0.258721	7.76492e-08
0.261478	7.52428e-08
0.264263	7.27472e-08
0.267078	7.06515e-08
0.269923	6.84619e-08
0.272799	6.63403e-08
0.275705	6.44291e-08
0.278642	6.24149e-08
0.281611	6.06509e-08
0.284611	5.88374e-08
0.287642	5.71745e-08
0.290707	5.56523e-08
0.293804	5.40794e-08
0.296933	5.26397e-08
0.300097	5.12383e-08
0.303294	4.99584e-08
0.306525	4.87104e-08
0.30979	4.74937e-08
0.31309	4.63855e-08
0.316426	4.53796e-08
0.319796	4.43955e-08
0.323203	4.35061e-08
0.326646	4.26345e-08
0.330126	4.18508e-08
0.333643	4.1151e-08
0.337197	4.04628e-08
0.340789	3.99205e-08
0.34442	3.9452e-08
0.348089	3.90548e-08
0.351797	3.87923e-08
0.355545	3.86616e-08
0.359332	3.87269e-08
0.36316	3.89233e-08
0.367029	3.9452e-08
0.370939	4.03946e-08
0.374891	4.19215e-08
0.378884	4.46207e-08
0.382921	5.02965e-08
0.387	7.32602e-08
0.391122	0.000230338
0.395289	0.00022408
0.3995	0.000217992
0.403756	0.000212487
0.408057	0.000206713
0.412404	0.000201097
0.416798	0.000195633
0.421238	0.000190693
0.425725	0.000185512
0.43026	0.000180472
0.434844	0.000175914
0.439476	0.000171471
0.444158	0.000166813
0.44889	0.0001626
0.453672	0.000158182
0.458505	0.000154188
0.463389	0.000150241
0.468325	0.000146447
0.473315	0.000142748
0.478357	0.000139144
0.483453	0.00013563
0.488603	0.000132205
0.493808	0.000128866
0.499068	0.000125612
0.504385	0.000122663
0.509758	0.000119566
0.515189	0.000116546
0.520677	0.000113811
0.526224	0.000110937
0.53183	0.000108333
0.537495	0.00010579
0.543221	0.000103307
0.549008	0.000100882
0.554857	9.84106e-05
0.560767	9.61143e-05
0.566741	9.403e-05
0.572779	9.18359e-05
0.578881	8.98444e-05
0.585047	8.7748e-05
0.59128	8.58452e-05
0.597579	8.39836e-05
0.603945	8.2301e-05
0.610379	8.05163e-05
0.616881	7.89032e-05
0.623453	7.7453e-05
0.630094	7.59013e-05
0.636807	7.43806e-05
0.64359	7.30135e-05
0.650447	7.16715e-05
0.657376	7.0473e-05
0.664379	6.91777e-05
0.671456	6.80208e-05
0.678609	6.69961e-05
0.685839	6.58758e-05
0.693145	6.49929e-05
0.700529	6.40139e-05
0.707992	6.32627e-05
0.715534	6.24149e-05
0.723156	6.17865e-05
0.73086	6.11644e-05
0.738646	6.06509e-05
0.746515	6.01416e-05
0.754467	5.97372e-05
0.762505	5.94358e-05
0.770628	5.93356e-05
0.778837	5.93356e-05
0.787134	5.94358e-05
0.795519	5.98381e-05
0.803994	6.04466e-05
0.812559	6.13711e-05
0.821215	6.29434e-05
0.829964	6.51026e-05
0.838805	6.85968e-05
0.847741	7.51371e-05
0.847741	0.000121198
0.838805	0.000145411
0.829964	0.000167918
0.821215	0.000190452
0.812559	0.000214075
0.803994	0.000237939
0.795519	0.000263275
0.787134	0.000290003
0.778837	0.00031801
0.770628	0.00034794
0.762505	0.000379831
0.754467	0.000412784
0.746515	0.000449606
0.738646	0.000487515
0.73086	0.000528621
0.723156	0.000571905
0.715534	0.000618734
0.707992	0.000667893
0.700529	0.000720958
0.693145	0.000776492
0.685839	0.000838185
0.678609	0.00090072
0.671456	0.0009701
0.664379	0.00104248
0.657376	0.00112025
0.650447	0.00120383
0.64359	0.00129365
0.636807	0.00138704
0.630094	0.00148718
0.623453	0.00159454
0.616881	0.00170966
0.610379	0.00182897
0.603945	0.00196101
0.597579	0.00209786
0.59128	0.00224427
0.585047	0.00240088
0.578881	0.00256266
0.572779	0.00273534
0.566741	0.00292623
0.560767	0.00312341
0.554857	0.00333387
0.549008	0.00355752
0.543221	0.00379297
0.537495	0.00405083
0.53183	0.00431893
0.526224	0.00460477
0.520677	0.00491782
0.515189	0.0052433
0.509758	0.00559032
0.504385	0.00596031
0.499068	0.00635478
0.493808	0.00677536
0.488603	0.00722378
0.483453	0.00770188
0.478357	0.00821162
0.473315	0.00875509
0.468325	0.00933454
0.463389	0.00995233
0.458505	0.010614
0.453672	0.0113038
0.44889	0.0120383
0.444158	0.0128495
0.439476	0.0136845
0.434844	0.0146067
0.43026	0.0155909
0.425725	0.0166041
0.421238	0.0177229
0.416798	0.0189171
0.412404	0.0201918
0.408057	0.021504
0.403756	0.022953
0.3995	0.0244997
0.395289	0.0262094
0.391122	0.0279755
0.387	0.11253
0.382921	0.123676
0.378884	0.132903
0.374891	0.141859
0.370939	0.151758
0.367029	0.16162
0.36316	0.172511
0.359332	0.183722
0.355545	0.195661
0.351797	0.208845
0.348089	0.222417
0.34442	0.237404
0.340789	0.252832
0.337197	0.269869
0.333643	0.288053
0.330126	0.307463
0.326646	0.328181
0.323203	0.351083
0.319796	0.37474
0.316426	0.400892
0.31309	0.428869
0.30979	0.45983
0.306525	0.49192
0.303294	0.528621
0.300097	0.566785
0.296933	0.609071
0.293804	0.654513
0.290707	0.703344
0.287642	0.757521
0.284611	0.81587
0.281611	0.880692
0.278642	0.950665
0.275705	1
0.272799	1
0.269923	1
0.267078	1
0.264263	1
0.261478	1
0.258721	1
0.255994	1
0.253296	1
0.250626	1
0.247984	1
0.24537	1
0.242784	1
0.240225	1
0.237693	1
0.235187	1
0.232708	1
0.230255	1
0.227828	1
0.225427	1
0.223051	1
0.2207	1
0.218373	1
0.216071	1
0.213794	1
0.21154	1
0.209311	1
0.207104	1
0.204921	1
0.202761	1
0.200624	1
0.198509	1
0.196417	1
0.194347	1
0.192298	1
0.190271	1
0.188265	1
0.186281	1
0.184317	1
0.182375	1
0.180452	1
0.17855	1
0.176668	1
0.174806	1
0.172963	1
0.17114	1
0.169336	1
0.167551	1
0.165785	1
0.164038	1
0.162309	1
0.160598	1
0.158905	1
0.15723	1
0.155573	1
0.153933	1
0.15231	1
0.150705	1
0.149116	1
0.147545	1
0.145989	1
0.144451	1
0.142928	1
0.141421	1
0.139931	1
0.138456	1
0.136996	1
0.135552	1
0.134123	1
0.13271	1
0.131311	1
0.129927	1
0.128557	1
0.127202	1
0.125861	1
0.124535	1
0.123222	1
0.121923	1
0.120638	1
0.119366	1
0.118108	1
0.116863	1
0.115631	1
0.114413	1
0.113207	1
0.112013	1
0.110833	1
0.109664	1
0.108508	1
0.107365	1
0.106233	1
0.105113	1
0.104005	1
0.102909	1
0.101824	1
0.100751	1
0.0996889	1
0.0986382	1
0.0975984	1
0.0965697	1
0.0955518	1
0.0945446	1
0.093548	1
0.092562	1
0.0915863	1
0.0906209	1
0.0896657	1
0.0887206	1
0.0877854	1
0.0868601	1
0.0859445	1
0.0850386	1
0.0841422	1
0.0832553	1
0.0823778	1
0.0815094	1
0.0806503	1
0.0798002	1
0.078959	1
0.0781267	1
0.0773032	1
0.0764884	1
0.0756821	1
0.0748844	1
0.0740951	1
0.0733141	1
0.0725413	1
0.0717766	1
0.0710201	1
0.0702715	1
0.0695308	1
0.0687979	1
0.0680727	1
0.0673551	1
0.0666452	1
0.0659427	1
0.0652476	1
0.0645599	1
0.0638794	1
0.063206	1
0.0625398	1
0.0618806	1
0.0612283	1
0.0605829	1
0.0599443	1
0.0593125	1
0.0586873	1
0.0580687	1
0.0574566	1
0.056851	1
0.0562517	1
0.0556588	1
0.0550721	1
0.0544916	1
0.0539172	1
0.0533489	1
0.0527866	1
0.0522302	1
0.0516796	1
0.0511349	1
0.0505959	1
0.0500626	1
0.0495349	1
0.0490127	1
0.0484961	1
0.0479849	1
0.0474791	1
0.0469787	1
0.0464835	1
0.0459935	1
0.0455087	1
0.045029	1
0.0445544	1
0.0440848	1
0.0436201	1
0.0431603	1
0.0427053	1
0.0422552	1
0.0418098	1
0.0413691	1
0.040933	1
0.0405016	1
0.0400747	1
0.0396522	1
0.0392343	1
0.0388207	1
0.0384115	1
0.0380066	1
0.037606	1
0.0372096	1
0.0368174	1
0.0364293	1
0.0360454	1
0.0356654	1
0.0352895	1
0.0349175	1
0.0345494	1
0.0341853	1
0.0338249	1
0.0334684	1
0.0331156	1
0.0327666	1
0.0324212	1
0.0320794	1
0.0317413	1
0.0314067	1
0.0310757	1
0.0307481	1
0.030424	1
0.0301033	1
0.029786	1
0.029472	1
0.0291614	1
0.028854	1
0.0285499	1
0.0282489	1
0.0279512	1
0.0276565	1
0.027365	1
0.0270766	1
0.0267912	1
0.0265088	1
0.0262293	1
0.0259529	1
0.0256793	1
0.0254086	1
0.0251408	1
0.0248758	1
0.0246136	1
0.0243542	1
0.0240974	1
0.0238434	1
0.0235921	1
0.0233434	1
0.0230974	1
0.0228539	1
0.022613	1
0.0223747	1
0.0221388	1
0.0219055	1
0.0216746	1
0.0214461	1
0.02122	1
0.0209964	1
0.0207751	1
0.0205561	1
0.0203394	1
0.020125	1
0.0199129	1
0.019703	1
0.0194953	1
0.0192898	1
0.0190865	1
0.0188853	1
0.0186862	1
0.0184893	1
0.0182944	1
0.0181015	1
0.0179107	1
0.0177219	1
0.0175351	1
0.0173503	1
0.0171674	1
0.0169865	1
0.0168074	1
0.0166303	1
0.016455	1
0.0162815	1
0.0161099	1
0.0159401	1
0.0157721	1
0.0156058	1
0.0154413	1
0.0152786	1
0.0151175	1
0.0149582	1
0.0148005	1
0.0146445	1
0.0144901	1
0.0143374	1
0.0141863	1
0.0140367	1
0.0138888	1
0.0137424	1
0.0135975	1
0.0134542	1
0.0133124	1
0.0131721	1
0.0130332	1
0.0128958	1
0.0127599	1
0.0126254	1
0.0124923	1
0.0123606	1
0.0122304	1
0.0121014	1
0.0119739	1
0.0118477	1
0.0117228	1
0.0115992	1
0.011477	1
0.011356	1
0.0112363	1
0.0111178	1
0.0110007	1
0.0108847	1
0.01077	1
0.0106564	1
0.0105441	1
0.010433	1
0.010323	1
0.0102142	1
0.0101065	1
0.01	1
0.01	0.000351083


