#Mass	Ue	Um	Ut	Events
0.01	0.000293282
0.0101065	0.000284193
0.0102142	0.000275386
0.010323	0.000266851
0.010433	0.000258582
0.0105441	0.000251132
0.0106564	0.00024335
0.01077	0.000235808
0.0108847	0.0002285
0.0110007	0.000221419
0.0111178	0.000214557
0.0112363	0.000208376
0.011356	0.000201918
0.011477	0.000195661
0.0115992	0.000189597
0.0117228	0.000183722
0.0118477	0.000178429
0.0119739	0.000172899
0.0121014	0.000167541
0.0122304	0.000162349
0.0123606	0.000157672
0.0124923	0.000152785
0.0126254	0.000148051
0.0127599	0.000143462
0.0128958	0.000139329
0.0130332	0.000135012
0.0131721	0.000130828
0.0133124	0.000127059
0.0134542	0.000123121
0.0135975	0.000119305
0.0137424	0.000115868
0.0138888	0.000112278
0.0140367	0.000108798
0.0141863	0.000105664
0.0143374	0.000102389
0.0144901	9.94394e-05
0.0146445	9.63578e-05
0.0148005	9.35818e-05
0.0149582	9.06817e-05
0.0151175	8.80692e-05
0.0152786	8.53399e-05
0.0154413	8.28814e-05
0.0156058	8.03129e-05
0.0157721	7.79991e-05
0.0159401	7.55819e-05
0.0161099	7.34045e-05
0.0162815	7.12898e-05
0.016455	6.90805e-05
0.0166303	6.70904e-05
0.0168074	6.51576e-05
0.0169865	6.31383e-05
0.0171674	6.13194e-05
0.0173503	5.95528e-05
0.0175351	5.78372e-05
0.0177219	5.60448e-05
0.0179107	5.44302e-05
0.0181015	5.28621e-05
0.0182944	5.13392e-05
0.0184893	4.98602e-05
0.0186862	4.84238e-05
0.0188853	4.70287e-05
0.0190865	4.56739e-05
0.0192898	4.43581e-05
0.0194953	4.30802e-05
0.019703	4.18391e-05
0.0199129	4.06337e-05
0.020125	3.9552e-05
0.0203394	3.84125e-05
0.0205561	3.73059e-05
0.0207751	3.63127e-05
0.0209964	3.52666e-05
0.02122	3.42506e-05
0.0214461	3.33387e-05
0.0216746	3.24512e-05
0.0219055	3.15163e-05
0.0221388	3.06772e-05
0.0223747	2.98605e-05
0.022613	2.90656e-05
0.0228539	2.82918e-05
0.0230974	2.75386e-05
0.0233434	2.68054e-05
0.0235921	2.60918e-05
0.0238434	2.53972e-05
0.0240974	2.47767e-05
0.0243542	2.41171e-05
0.0246136	2.35278e-05
0.0248758	2.29015e-05
0.0251408	2.2342e-05
0.0254086	2.17961e-05
0.0256793	2.12636e-05
0.0259529	2.07908e-05
0.0262293	2.02828e-05
0.0265088	1.98319e-05
0.0267912	1.93909e-05
0.0270766	1.89597e-05
0.027365	1.85382e-05
0.0276565	1.81668e-05
0.0279512	1.78028e-05
0.0282489	1.74461e-05
0.0285499	1.71351e-05
0.028854	1.68296e-05
0.0291614	1.65296e-05
0.029472	1.62714e-05
0.029786	1.60534e-05
0.0301033	1.58382e-05
0.030424	1.56612e-05
0.0307481	1.55559e-05
0.0310757	1.54513e-05
0.0314067	1.54166e-05
0.0317413	1.54513e-05
0.0320794	1.55559e-05
0.0324212	1.58027e-05
0.0327666	1.62349e-05
0.0331156	1.69817e-05
0.0334684	1.84965e-05
0.0338249	2.33172e-05
0.0341853	3.25242e-05
0.0345494	3.16584e-05
0.0349175	3.08155e-05
0.0352895	2.99951e-05
0.0356654	2.9131e-05
0.0360454	2.83555e-05
0.0364293	2.76006e-05
0.0368174	2.68658e-05
0.0372096	2.61505e-05
0.037606	2.53972e-05
0.0380066	2.4721e-05
0.0384115	2.40629e-05
0.0388207	2.34223e-05
0.0392343	2.27987e-05
0.0396522	2.21917e-05
0.0400747	2.16009e-05
0.0405016	2.10259e-05
0.040933	2.04661e-05
0.0413691	1.99212e-05
0.0418098	1.94345e-05
0.0422552	1.89171e-05
0.0427053	1.84135e-05
0.0431603	1.79233e-05
0.0436201	1.74461e-05
0.0440848	1.70199e-05
0.0445544	1.65668e-05
0.045029	1.61257e-05
0.0455087	1.56964e-05
0.0459935	1.53129e-05
0.0464835	1.49053e-05
0.0469787	1.45085e-05
0.0474791	1.4154e-05
0.0479849	1.37772e-05
0.0484961	1.34104e-05
0.0490127	1.30828e-05
0.0495349	1.27345e-05
0.0500626	1.23954e-05
0.0505959	1.20926e-05
0.0511349	1.17707e-05
0.0516796	1.14831e-05
0.0522302	1.11774e-05
0.0527866	1.08798e-05
0.0533489	1.0614e-05
0.0539172	1.03314e-05
0.0544916	1.0079e-05
0.0550721	9.81068e-06
0.0556588	9.5495e-06
0.0562517	9.31619e-06
0.056851	9.06817e-06
0.0574566	8.82675e-06
0.0580687	8.6111e-06
0.0586873	8.38185e-06
0.0593125	8.1587e-06
0.0599443	7.9415e-06
0.0605829	7.74747e-06
0.0612283	7.54122e-06
0.0618806	7.34045e-06
0.0625398	7.14503e-06
0.063206	6.95481e-06
0.0638794	6.76965e-06
0.0645599	6.58943e-06
0.0652476	6.414e-06
0.0659427	6.24324e-06
0.0666452	6.07703e-06
0.0673551	5.90196e-06
0.0680727	5.74483e-06
0.0687979	5.59189e-06
0.0695308	5.43079e-06
0.0702715	5.28621e-06
0.0710201	5.13392e-06
0.0717766	4.99724e-06
0.0725413	4.85328e-06
0.0733141	4.72407e-06
0.0740951	4.58798e-06
0.0748844	4.4558e-06
0.0756821	4.32743e-06
0.0764884	4.20277e-06
0.0773032	4.08169e-06
0.0781267	3.9641e-06
0.078959	3.8499e-06
0.0798002	3.73899e-06
0.0806503	3.63127e-06
0.0815094	3.52666e-06
0.0823778	3.42506e-06
0.0832553	3.32639e-06
0.0841422	3.2233e-06
0.0850386	3.13044e-06
0.0859445	3.03343e-06
0.0868601	2.94604e-06
0.0877854	2.86117e-06
0.0887206	2.7725e-06
0.0896657	2.69262e-06
0.0906209	2.60918e-06
0.0915863	2.53401e-06
0.092562	2.45548e-06
0.093548	2.38474e-06
0.0945446	2.31084e-06
0.0955518	2.24427e-06
0.0965697	2.17471e-06
0.0975984	2.11206e-06
0.0986382	2.04661e-06
0.0996889	1.98319e-06
0.100751	1.92605e-06
0.101824	1.87056e-06
0.102909	1.8126e-06
0.104005	1.76038e-06
0.105113	1.70582e-06
0.106233	1.65668e-06
0.107365	1.60534e-06
0.108508	1.55909e-06
0.109664	1.51077e-06
0.110833	1.46725e-06
0.112013	1.42498e-06
0.113207	1.38082e-06
0.114413	1.34104e-06
0.115631	1.29948e-06
0.116863	1.26204e-06
0.118108	1.22569e-06
0.119366	1.1877e-06
0.120638	1.15348e-06
0.121923	1.11774e-06
0.123222	1.08554e-06
0.124535	1.05426e-06
0.125861	1.02159e-06
0.127202	9.92161e-07
0.128557	9.61413e-07
0.129927	9.33716e-07
0.131311	9.06817e-07
0.13271	8.78714e-07
0.134123	8.53399e-07
0.135552	8.28814e-07
0.136996	8.03129e-07
0.138456	7.79991e-07
0.139931	7.57521e-07
0.141421	7.34045e-07
0.142928	7.12898e-07
0.144451	6.9236e-07
0.145989	6.70904e-07
0.147545	6.51576e-07
0.149116	6.32804e-07
0.150705	6.13194e-07
0.15231	5.95528e-07
0.153933	5.78372e-07
0.155573	5.60448e-07
0.15723	5.44302e-07
0.158905	5.27434e-07
0.160598	5.12239e-07
0.162309	4.97482e-07
0.164038	4.82065e-07
0.165785	4.68177e-07
0.167551	4.54689e-07
0.169336	4.40598e-07
0.17114	4.27905e-07
0.172963	4.15578e-07
0.174806	4.02699e-07
0.176668	3.91098e-07
0.17855	3.78977e-07
0.180452	3.68059e-07
0.182375	3.57456e-07
0.184317	3.46378e-07
0.186281	3.364e-07
0.188265	3.26708e-07
0.190271	3.16584e-07
0.192298	3.07463e-07
0.194347	2.97935e-07
0.196417	2.89352e-07
0.198509	2.81016e-07
0.200624	2.7725e-07
0.202761	2.69262e-07
0.204921	2.60918e-07
0.207104	2.53401e-07
0.209311	2.45548e-07
0.21154	2.38474e-07
0.213794	2.31084e-07
0.216071	2.23922e-07
0.218373	2.17471e-07
0.2207	2.10732e-07
0.223051	2.04661e-07
0.225427	1.98319e-07
0.227828	1.92173e-07
0.230255	1.86636e-07
0.232708	1.80852e-07
0.235187	1.75248e-07
0.237693	1.70199e-07
0.240225	1.64924e-07
0.242784	1.60173e-07
0.24537	1.55209e-07
0.247984	1.50526e-07
0.250626	1.46026e-07
0.253296	1.41659e-07
0.255994	1.37424e-07
0.258721	1.33315e-07
0.261478	1.29329e-07
0.264263	1.25462e-07
0.267078	1.2171e-07
0.269923	1.18071e-07
0.272799	1.14541e-07
0.275705	1.11116e-07
0.278642	1.07794e-07
0.281611	1.04747e-07
0.284611	1.01615e-07
0.287642	9.87431e-08
0.290707	9.57907e-08
0.293804	9.30834e-08
0.296933	9.04526e-08
0.300097	8.7748e-08
0.303294	8.54119e-08
0.306525	8.2998e-08
0.30979	8.06522e-08
0.31309	7.8505e-08
0.316426	7.6415e-08
0.319796	7.43806e-08
0.323203	7.24004e-08
0.326646	7.0473e-08
0.330126	6.87126e-08
0.333643	6.69961e-08
0.337197	6.54329e-08
0.340789	6.39061e-08
0.34442	6.25202e-08
0.348089	6.12677e-08
0.351797	6.00402e-08
0.355545	5.90362e-08
0.359332	5.81469e-08
0.36316	5.74645e-08
0.367029	5.70781e-08
0.370939	5.71745e-08
0.374891	5.78534e-08
0.378884	5.97372e-08
0.382921	6.46649e-08
0.387	8.86404e-08
0.391122	0.000226741
0.395289	0.000221015
0.3995	0.000215433
0.403756	0.000210273
0.408057	0.000204963
0.412404	0.000199787
0.416798	0.000194742
0.421238	0.000190171
0.425725	0.000185368
0.43026	0.000181018
0.434844	0.000176446
0.439476	0.000172305
0.444158	0.000168261
0.44889	0.000164311
0.453672	0.000160455
0.458505	0.000156689
0.463389	0.000153291
0.468325	0.000149693
0.473315	0.00014618
0.478357	0.00014301
0.483453	0.000139908
0.488603	0.000136874
0.493808	0.000133906
0.499068	0.000131002
0.504385	0.000128161
0.509758	0.000125612
0.515189	0.000122888
0.520677	0.000120443
0.526224	0.000118046
0.53183	0.000115697
0.537495	0.000113396
0.543221	0.000111343
0.549008	0.000109327
0.554857	0.000107152
0.560767	0.000105404
0.566741	0.000103496
0.572779	0.000101808
0.578881	0.000100327
0.585047	9.89098e-05
0.59128	9.74199e-05
0.597579	9.61143e-05
0.603945	9.49863e-05
0.610379	9.403e-05
0.616881	9.30834e-05
0.623453	9.23018e-05
0.630094	9.16812e-05
0.636807	9.12185e-05
0.64359	9.09114e-05
0.650447	9.06052e-05
0.657376	9.09114e-05
0.664379	9.13725e-05
0.671456	9.21462e-05
0.678609	9.35555e-05
0.685839	9.53073e-05
0.693145	9.84106e-05
0.700529	0.000103124
0.700529	0.000195317
0.693145	0.000223922
0.685839	0.000252832
0.678609	0.000281648
0.671456	0.000312341
0.664379	0.000344824
0.657376	0.000378977
0.650447	0.000414644
0.64359	0.000452649
0.636807	0.000493027
0.630094	0.000535801
0.623453	0.000580979
0.616881	0.000629965
0.610379	0.000683082
0.603945	0.000737354
0.597579	0.000795937
0.59128	0.000859176
0.585047	0.000925355
0.578881	0.000994814
0.572779	0.00107069
0.566741	0.00115122
0.560767	0.00123572
0.554857	0.00132642
0.549008	0.00142138
0.543221	0.00152571
0.537495	0.00163494
0.53183	0.00175198
0.526224	0.00187741
0.520677	0.00200843
0.515189	0.00214859
0.509758	0.00229853
0.504385	0.00245894
0.499068	0.00263053
0.493808	0.00281411
0.488603	0.00300542
0.483453	0.00321516
0.478357	0.00343373
0.473315	0.00366717
0.468325	0.00391648
0.463389	0.00418273
0.458505	0.00446709
0.453672	0.00477077
0.44889	0.00509511
0.444158	0.00543232
0.439476	0.00580163
0.434844	0.00619604
0.43026	0.00661727
0.425725	0.00705522
0.421238	0.00753486
0.416798	0.0080471
0.412404	0.00857969
0.408057	0.00916297
0.403756	0.0097859
0.3995	0.0104482
0.395289	0.0111523
0.391122	0.0119037
0.387	0.0550456
0.382921	0.0600909
0.378884	0.0642844
0.374891	0.0684619
0.370939	0.0727472
0.367029	0.0773007
0.36316	0.0821393
0.359332	0.0872806
0.355545	0.0925355
0.351797	0.0983277
0.348089	0.104482
0.34442	0.111022
0.340789	0.117707
0.337197	0.125074
0.333643	0.132903
0.330126	0.14154
0.326646	0.150399
0.323203	0.159813
0.319796	0.170199
0.316426	0.18126
0.31309	0.193039
0.30979	0.205584
0.306525	0.218943
0.303294	0.233697
0.300097	0.249444
0.296933	0.266252
0.293804	0.284193
0.290707	0.303343
0.287642	0.324512
0.284611	0.347158
0.281611	0.371385
0.278642	0.398197
0.275705	0.426944
0.272799	0.457767
0.269923	0.49192
0.267078	0.528621
0.264263	0.569339
0.261478	0.613194
0.258721	0.660426
0.255994	0.712898
0.253296	0.771271
0.250626	0.836302
0.247984	0.910904
0.24537	1
0.242784	1
0.240225	1
0.237693	1
0.235187	1
0.232708	1
0.230255	1
0.227828	1
0.225427	1
0.223051	1
0.2207	1
0.218373	1
0.216071	1
0.213794	1
0.21154	1
0.209311	1
0.207104	1
0.204921	1
0.202761	1
0.200624	1
0.198509	1
0.196417	1
0.194347	1
0.192298	1
0.190271	1
0.188265	1
0.186281	1
0.184317	1
0.182375	1
0.180452	1
0.17855	1
0.176668	1
0.174806	1
0.172963	1
0.17114	1
0.169336	1
0.167551	1
0.165785	1
0.164038	1
0.162309	1
0.160598	1
0.158905	1
0.15723	1
0.155573	1
0.153933	1
0.15231	1
0.150705	1
0.149116	1
0.147545	1
0.145989	1
0.144451	1
0.142928	1
0.141421	1
0.139931	1
0.138456	1
0.136996	1
0.135552	1
0.134123	1
0.13271	1
0.131311	1
0.129927	1
0.128557	1
0.127202	1
0.125861	1
0.124535	1
0.123222	1
0.121923	1
0.120638	1
0.119366	1
0.118108	1
0.116863	1
0.115631	1
0.114413	1
0.113207	1
0.112013	1
0.110833	1
0.109664	1
0.108508	1
0.107365	1
0.106233	1
0.105113	1
0.104005	1
0.102909	1
0.101824	1
0.100751	1
0.0996889	1
0.0986382	1
0.0975984	1
0.0965697	1
0.0955518	1
0.0945446	1
0.093548	1
0.092562	1
0.0915863	1
0.0906209	1
0.0896657	1
0.0887206	1
0.0877854	1
0.0868601	1
0.0859445	1
0.0850386	1
0.0841422	1
0.0832553	1
0.0823778	1
0.0815094	1
0.0806503	1
0.0798002	1
0.078959	1
0.0781267	1
0.0773032	1
0.0764884	1
0.0756821	1
0.0748844	1
0.0740951	1
0.0733141	1
0.0725413	1
0.0717766	1
0.0710201	1
0.0702715	1
0.0695308	1
0.0687979	1
0.0680727	1
0.0673551	1
0.0666452	1
0.0659427	1
0.0652476	1
0.0645599	1
0.0638794	1
0.063206	1
0.0625398	1
0.0618806	1
0.0612283	1
0.0605829	1
0.0599443	1
0.0593125	1
0.0586873	1
0.0580687	1
0.0574566	1
0.056851	1
0.0562517	1
0.0556588	1
0.0550721	1
0.0544916	1
0.0539172	1
0.0533489	1
0.0527866	1
0.0522302	1
0.0516796	1
0.0511349	1
0.0505959	1
0.0500626	1
0.0495349	1
0.0490127	1
0.0484961	1
0.0479849	1
0.0474791	1
0.0469787	1
0.0464835	1
0.0459935	1
0.0455087	1
0.045029	1
0.0445544	1
0.0440848	1
0.0436201	1
0.0431603	1
0.0427053	1
0.0422552	1
0.0418098	1
0.0413691	1
0.040933	1
0.0405016	1
0.0400747	1
0.0396522	1
0.0392343	1
0.0388207	1
0.0384115	1
0.0380066	1
0.037606	1
0.0372096	1
0.0368174	1
0.0364293	1
0.0360454	1
0.0356654	1
0.0352895	1
0.0349175	1
0.0345494	1
0.0341853	1
0.0338249	1
0.0334684	1
0.0331156	1
0.0327666	1
0.0324212	1
0.0320794	1
0.0317413	1
0.0314067	1
0.0310757	1
0.0307481	1
0.030424	1
0.0301033	1
0.029786	1
0.029472	1
0.0291614	1
0.028854	1
0.0285499	1
0.0282489	1
0.0279512	1
0.0276565	1
0.027365	1
0.0270766	1
0.0267912	1
0.0265088	1
0.0262293	1
0.0259529	1
0.0256793	1
0.0254086	1
0.0251408	1
0.0248758	1
0.0246136	1
0.0243542	1
0.0240974	1
0.0238434	1
0.0235921	1
0.0233434	1
0.0230974	1
0.0228539	1
0.022613	1
0.0223747	1
0.0221388	1
0.0219055	1
0.0216746	1
0.0214461	1
0.02122	1
0.0209964	1
0.0207751	1
0.0205561	1
0.0203394	1
0.020125	1
0.0199129	1
0.019703	1
0.0194953	1
0.0192898	1
0.0190865	1
0.0188853	1
0.0186862	1
0.0184893	1
0.0182944	1
0.0181015	1
0.0179107	1
0.0177219	1
0.0175351	1
0.0173503	1
0.0171674	1
0.0169865	1
0.0168074	1
0.0166303	1
0.016455	1
0.0162815	1
0.0161099	1
0.0159401	1
0.0157721	1
0.0156058	1
0.0154413	1
0.0152786	1
0.0151175	1
0.0149582	1
0.0148005	1
0.0146445	1
0.0144901	1
0.0143374	1
0.0141863	1
0.0140367	1
0.0138888	1
0.0137424	1
0.0135975	1
0.0134542	1
0.0133124	1
0.0131721	1
0.0130332	1
0.0128958	1
0.0127599	1
0.0126254	1
0.0124923	1
0.0123606	1
0.0122304	1
0.0121014	1
0.0119739	1
0.0118477	1
0.0117228	1
0.0115992	1
0.011477	1
0.011356	1
0.0112363	1
0.0111178	1
0.0110007	1
0.0108847	1
0.01077	1
0.0106564	1
0.0105441	1
0.010433	1
0.010323	1
0.0102142	1
0.0101065	1
0.01	1
0.01	0.000293282


