#Mass	Um	Ut	Events
0.21154	0.000275386
0.213794	4.03605e-06
0.216071	1.27919e-06
0.218373	6.35657e-07
0.2207	3.82401e-07
0.223051	2.56266e-07
0.225427	1.84135e-07
0.227828	1.38704e-07
0.230255	1.08067e-07
0.232708	8.66938e-08
0.235187	7.09699e-08
0.237693	5.90196e-08
0.240225	4.98602e-08
0.242784	4.26944e-08
0.24537	3.68888e-08
0.247984	3.21606e-08
0.250626	2.82282e-08
0.253296	2.50005e-08
0.255994	2.22417e-08
0.258721	1.99212e-08
0.261478	1.79233e-08
0.264263	1.61984e-08
0.267078	1.47055e-08
0.269923	1.34104e-08
0.272799	1.22569e-08
0.275705	1.1253e-08
0.278642	1.03547e-08
0.281611	9.57099e-09
0.284611	8.84662e-09
0.287642	8.21393e-09
0.290707	7.64365e-09
0.293804	7.12898e-09
0.296933	6.66393e-09
0.300097	6.24324e-09
0.303294	5.86228e-09
0.306525	5.51695e-09
0.30979	5.19197e-09
0.31309	4.90815e-09
0.316426	4.65029e-09
0.319796	4.4159e-09
0.323203	4.19333e-09
0.326646	3.99992e-09
0.330126	3.81543e-09
0.333643	3.65585e-09
0.337197	3.50295e-09
0.340789	3.37157e-09
0.34442	3.25242e-09
0.348089	3.15163e-09
0.351797	3.06083e-09
0.355545	2.98605e-09
0.359332	2.92623e-09
0.36316	2.88053e-09
0.367029	2.86117e-09
0.370939	2.87406e-09
0.374891	2.92623e-09
0.378884	3.06083e-09
0.382921	3.38677e-09
0.387	4.85328e-09
0.391122	1.34974e-05
0.395289	1.28966e-05
0.3995	1.23225e-05
0.403756	1.1774e-05
0.408057	1.12499e-05
0.412404	1.07672e-05
0.416798	1.03053e-05
0.421238	9.86322e-06
0.425725	9.44008e-06
0.43026	9.05034e-06
0.434844	8.6767e-06
0.439476	8.31848e-06
0.444158	7.98851e-06
0.44889	7.6587e-06
0.453672	7.34251e-06
0.458505	7.05126e-06
0.463389	6.78299e-06
0.468325	6.51393e-06
0.473315	6.25554e-06
0.478357	6.01754e-06
0.483453	5.7886e-06
0.488603	5.57776e-06
0.493808	5.37461e-06
0.499068	5.17885e-06
0.504385	4.98182e-06
0.509758	4.80037e-06
0.515189	4.62553e-06
0.520677	4.45705e-06
0.526224	4.29472e-06
0.53183	4.14528e-06
0.537495	3.9943e-06
0.543221	3.85531e-06
0.549008	3.71489e-06
0.554857	3.58563e-06
0.560767	3.46086e-06
0.566741	3.33481e-06
0.572779	3.22421e-06
0.578881	3.11202e-06
0.585047	3.00373e-06
0.59128	2.90411e-06
0.597579	2.80306e-06
0.603945	2.71009e-06
0.610379	2.61579e-06
0.616881	2.52903e-06
0.623453	2.44928e-06
0.630094	2.36804e-06
0.636807	2.29337e-06
0.64359	2.22105e-06
0.650447	2.15101e-06
0.657376	2.08317e-06
0.664379	2.02089e-06
0.671456	1.95716e-06
0.678609	1.89864e-06
0.685839	1.83877e-06
0.693145	1.78379e-06
0.700529	1.72753e-06
0.707992	1.67871e-06
0.715534	1.62577e-06
0.723156	1.57716e-06
0.73086	1.53259e-06
0.738646	1.48927e-06
0.746515	1.44474e-06
0.754467	1.40391e-06
0.762505	1.36423e-06
0.770628	1.32791e-06
0.778837	1.29038e-06
0.787134	1.25391e-06
0.795519	1.22053e-06
0.803994	1.18603e-06
0.812559	1.15251e-06
0.821215	1.12372e-06
0.829964	1.09381e-06
0.838805	1.06469e-06
0.847741	1.03634e-06
0.856772	1.01045e-06
0.865899	9.85213e-07
0.875123	9.62224e-07
0.884446	9.38188e-07
0.893868	9.16297e-07
0.90339	8.94916e-07
0.913014	8.74034e-07
0.922741	8.5508e-07
0.932571	8.35128e-07
0.942505	8.18397e-07
0.952546	8.00649e-07
0.962693	7.83287e-07
0.972949	7.6889e-07
0.983313	7.53486e-07
0.993789	7.38391e-07
1.00438	7.24819e-07
1.01508	7.11497e-07
1.02589	6.98419e-07
1.03682	6.86739e-07
1.04786	6.75255e-07
1.05903	6.65083e-07
1.07031	6.55065e-07
1.08171	6.46286e-07
1.09323	6.38701e-07
1.10488	6.31206e-07
1.11665	6.24851e-07
1.12854	6.1856e-07
1.14057	6.14401e-07
1.15272	6.09328e-07
1.165	6.06764e-07
1.17741	6.03363e-07
1.18995	6.02516e-07
1.20263	6.01669e-07
1.21544	6.01669e-07
1.22839	6.03363e-07
1.24147	6.05912e-07
1.2547	6.09328e-07
1.26806	6.14488e-07
1.28157	6.21435e-07
1.29523	6.30231e-07
1.30902	6.40949e-07
1.32297	6.53685e-07
1.33706	6.71375e-07
1.35131	6.90514e-07
1.3657	7.14202e-07
1.38025	7.42866e-07
1.39495	7.7813e-07
1.40981	8.2197e-07
1.42483	8.74403e-07
1.44001	9.38057e-07
1.45535	1.01394e-06
1.47086	1.10734e-06
1.48653	1.20934e-06
1.50236	1.33282e-06
1.51837	1.48441e-06
1.53454	1.73575e-06
1.55089	2.31791e-06
1.55089	4.62195e-06
1.53454	6.34541e-06
1.51837	7.73388e-06
1.50236	9.0548e-06
1.48653	1.0438e-05
1.47086	1.1862e-05
1.45535	1.34425e-05
1.44001	1.50696e-05
1.42483	1.68154e-05
1.40981	1.87004e-05
1.39495	2.06917e-05
1.38025	2.27795e-05
1.3657	2.49935e-05
1.35131	2.73765e-05
1.33706	2.99362e-05
1.32297	3.268e-05
1.30902	3.56152e-05
1.29523	3.87487e-05
1.28157	4.21578e-05
1.26806	4.57896e-05
1.2547	4.96504e-05
1.24147	5.38368e-05
1.22839	5.83761e-05
1.21544	6.31916e-05
1.20263	6.84042e-05
1.18995	7.40469e-05
1.17741	8.0155e-05
1.165	8.66208e-05
1.15272	9.36081e-05
1.14057	0.000101244
1.12854	0.000109288
1.11665	0.000117972
1.10488	0.000127631
1.09323	0.000137772
1.08171	0.000148384
1.07031	0.000160173
1.05903	0.000172899
1.04786	0.000186217
1.03682	0.000200561
1.02589	0.000216009
1.01508	0.000232125
1.00438	0.000250005
0.993789	0.000268658
0.983313	0.000289352
0.972949	0.000310939
0.962693	0.000334138
0.952546	0.000359876
0.942505	0.000386725
0.932571	0.000416513
0.922741	0.000448596
0.913014	0.00048315
0.90339	0.000521537
0.893868	0.000562974
0.884446	0.000610442
0.875123	0.000660426
0.865899	0.000704928
0.856772	0.000752428
0.847741	0.000801325
0.838805	0.000853399
0.829964	0.000908858
0.821215	0.000967921
0.812559	0.00103082
0.803994	0.00109781
0.795519	0.00116653
0.787134	0.00124233
0.778837	0.00131713
0.770628	0.00139957
0.762505	0.00148718
0.754467	0.00157672
0.746515	0.00167541
0.738646	0.00177628
0.73086	0.00188323
0.723156	0.0020011
0.715534	0.00212158
0.707992	0.00224932
0.700529	0.00238474
0.693145	0.00252832
0.685839	0.00268054
0.678609	0.00284193
0.671456	0.00301303
0.664379	0.00319444
0.657376	0.00338677
0.650447	0.00359067
0.64359	0.00379831
0.636807	0.00402699
0.630094	0.00425985
0.623453	0.00451632
0.616881	0.00477748
0.610379	0.00506512
0.603945	0.00535801
0.597579	0.0056806
0.59128	0.00600909
0.585047	0.00635657
0.578881	0.00672414
0.572779	0.00711297
0.566741	0.00752428
0.560767	0.00795937
0.554857	0.00841963
0.549008	0.0089065
0.543221	0.00942152
0.537495	0.00996633
0.53183	0.0105426
0.526224	0.0111523
0.520677	0.0117707
0.515189	0.0124513
0.509758	0.0131713
0.504385	0.0139329
0.499068	0.0147386
0.493808	0.0155909
0.488603	0.0164924
0.483453	0.0174461
0.478357	0.018455
0.473315	0.0195221
0.468325	0.020651
0.463389	0.0218452
0.458505	0.0231084
0.453672	0.0244446
0.44889	0.0258582
0.444158	0.0273534
0.439476	0.0289352
0.434844	0.0306083
0.43026	0.0324512
0.425725	0.0343277
0.421238	0.0363127
0.416798	0.038499
0.412404	0.0407252
0.408057	0.0431771
0.403756	0.0457767
0.3995	0.0484238
0.395289	0.0513392
0.391122	0.0544302
0.387	0.138704
0.382921	0.151077
0.378884	0.16162
0.374891	0.172123
0.370939	0.183309
0.367029	0.195221
0.36316	0.207441
0.359332	0.220922
0.355545	0.23475
0.351797	0.249444
0.348089	0.265654
0.34442	0.282282
0.340789	0.300627
0.337197	0.320163
0.333643	0.340969
0.330126	0.363127
0.326646	0.386725
0.323203	0.412784
0.319796	0.439609
0.316426	0.469231
0.31309	0.500849
0.30979	0.534598
0.306525	0.571905
0.303294	0.611816
0.300097	0.654513
0.296933	0.700188
0.293804	0.750738
0.290707	0.804937
0.287642	0.864991
0.284611	0.927439
0.281611	0.998876
0.278642	1
0.275705	1
0.272799	1
0.269923	1
0.267078	1
0.264263	1
0.261478	1
0.258721	1
0.255994	1
0.253296	1
0.250626	1
0.247984	1
0.24537	1
0.242784	1
0.240225	1
0.237693	1
0.235187	1
0.232708	1
0.230255	1
0.227828	1
0.225427	1
0.223051	1
0.2207	1
0.218373	1
0.216071	1
0.213794	1
0.21154	1
0.21154	0.000275386


