#Mass	Ue	Um	Events
0.141421	3.07463e-08
0.142928	1.64924e-08
0.144451	1.11774e-08
0.145989	8.38185e-09
0.147545	6.66393e-09
0.149116	5.50456e-09
0.150705	4.66076e-09
0.15231	4.02699e-09
0.153933	3.52666e-09
0.155573	3.13044e-09
0.15723	2.79755e-09
0.158905	2.52832e-09
0.160598	2.2953e-09
0.162309	2.09786e-09
0.164038	1.92605e-09
0.165785	1.77628e-09
0.167551	1.64554e-09
0.169336	1.52785e-09
0.17114	1.42178e-09
0.172963	1.32903e-09
0.174806	1.24513e-09
0.176668	1.16915e-09
0.17855	1.10028e-09
0.180452	1.03547e-09
0.182375	9.76666e-10
0.184317	9.25355e-10
0.186281	8.74771e-10
0.188265	8.3068e-10
0.190271	7.87039e-10
0.192298	7.49052e-10
0.194347	7.12898e-10
0.196417	6.78489e-10
0.198509	6.47195e-10
0.200624	6.2855e-10
0.202761	6.00909e-10
0.204921	5.74483e-10
0.207104	5.4922e-10
0.209311	5.26249e-10
0.21154	5.04239e-10
0.213794	4.8315e-10
0.216071	4.63985e-10
0.218373	4.4558e-10
0.2207	4.27905e-10
0.223051	4.11857e-10
0.225427	3.9641e-10
0.227828	3.81543e-10
0.230255	3.67233e-10
0.232708	3.54255e-10
0.235187	3.41737e-10
0.237693	3.2966e-10
0.240225	3.1801e-10
0.242784	3.06772e-10
0.24537	2.96598e-10
0.247984	2.86761e-10
0.250626	2.7725e-10
0.253296	2.68658e-10
0.255994	2.60332e-10
0.258721	2.51698e-10
0.261478	2.44446e-10
0.264263	2.36871e-10
0.267078	2.2953e-10
0.269923	2.22918e-10
0.272799	2.16496e-10
0.275705	2.10259e-10
0.278642	2.04661e-10
0.281611	1.99212e-10
0.284611	1.93909e-10
0.287642	1.88746e-10
0.290707	1.83722e-10
0.293804	1.79233e-10
0.296933	1.74854e-10
0.300097	1.70582e-10
0.303294	1.66789e-10
0.306525	1.63081e-10
0.30979	1.59454e-10
0.31309	1.55909e-10
0.316426	1.52785e-10
0.319796	1.50062e-10
0.323203	1.47055e-10
0.326646	1.44434e-10
0.330126	1.42178e-10
0.333643	1.39643e-10
0.337197	1.37772e-10
0.340789	1.35925e-10
0.34442	1.34104e-10
0.348089	1.32605e-10
0.351797	1.31417e-10
0.355545	1.30241e-10
0.359332	1.29365e-10
0.36316	1.29074e-10
0.367029	1.28784e-10
0.370939	1.29074e-10
0.374891	1.29948e-10
0.378884	1.31417e-10
0.382921	1.34406e-10
0.387	1.40905e-10
0.391122	1.47718e-10
0.395289	1.48051e-10
0.3995	1.48718e-10
0.403756	1.52442e-10
0.408057	1.54166e-10
0.412404	1.5626e-10
0.416798	1.58739e-10
0.421238	1.61984e-10
0.425725	1.66041e-10
0.43026	1.70966e-10
0.434844	1.77229e-10
0.439476	1.84965e-10
0.444158	1.94783e-10
0.44889	2.06975e-10
0.453672	2.22918e-10
0.458505	2.43897e-10
0.463389	2.72307e-10
0.468325	3.13044e-10
0.473315	3.7474e-10
0.478357	4.79902e-10
0.483453	6.90805e-10
0.488603	1.34104e-09
0.493808	6.79062e-08
0.499068	6.58758e-08
0.504385	6.37984e-08
0.509758	6.17865e-08
0.515189	5.98381e-08
0.520677	5.80489e-08
0.526224	5.62183e-08
0.53183	5.44455e-08
0.537495	5.28176e-08
0.543221	5.1152e-08
0.549008	4.96225e-08
0.554857	4.80577e-08
0.560767	4.66207e-08
0.566741	4.52268e-08
0.572779	4.38005e-08
0.578881	4.24909e-08
0.585047	4.12204e-08
0.59128	3.99879e-08
0.597579	3.87923e-08
0.603945	3.76324e-08
0.610379	3.65071e-08
0.616881	3.54156e-08
0.623453	3.43566e-08
0.630094	3.33294e-08
0.636807	3.23328e-08
0.64359	3.1419e-08
0.650447	3.04796e-08
0.657376	2.95682e-08
0.664379	2.87325e-08
0.671456	2.78734e-08
0.678609	2.70856e-08
0.685839	2.63201e-08
0.693145	2.55332e-08
0.700529	2.48115e-08
0.707992	2.41103e-08
0.715534	2.33894e-08
0.723156	2.27283e-08
0.73086	2.2086e-08
0.738646	2.14617e-08
0.746515	2.08552e-08
0.754467	2.02658e-08
0.762505	1.97262e-08
0.770628	1.91687e-08
0.778837	1.86269e-08
0.787134	1.8131e-08
0.795519	1.76186e-08
0.803994	1.71496e-08
0.812559	1.66649e-08
0.821215	1.62212e-08
0.829964	1.57894e-08
0.838805	1.5369e-08
0.847741	1.49598e-08
0.856772	1.45616e-08
0.865899	1.41739e-08
0.875123	1.37966e-08
0.884446	1.34292e-08
0.893868	1.30938e-08
0.90339	1.27452e-08
0.913014	1.24268e-08
0.922741	1.21164e-08
0.932571	1.17938e-08
0.942505	1.14992e-08
0.952546	1.1212e-08
0.962693	1.09504e-08
0.972949	1.06768e-08
0.983313	1.04101e-08
0.993789	1.01672e-08
1.00438	9.92161e-09
1.01508	9.67921e-09
1.02589	9.46399e-09
1.03682	9.23277e-09
1.04786	9.02748e-09
1.05903	8.82675e-09
1.07031	8.63048e-09
1.08171	8.43858e-09
1.09323	8.25095e-09
1.10488	8.06749e-09
1.11665	7.90586e-09
1.12854	7.73007e-09
1.14057	7.57521e-09
1.15272	7.42344e-09
1.165	7.27472e-09
1.17741	7.12898e-09
1.18995	7.00188e-09
1.20263	6.86161e-09
1.21544	6.73928e-09
1.22839	6.61913e-09
1.24147	6.51576e-09
1.2547	6.39959e-09
1.26806	6.29965e-09
1.28157	6.20127e-09
1.29523	6.10442e-09
1.30902	6.00909e-09
1.32297	5.92856e-09
1.33706	5.84911e-09
1.35131	5.78372e-09
1.3657	5.70621e-09
1.38025	5.65511e-09
1.39495	5.59189e-09
1.40981	5.54182e-09
1.42483	5.4922e-09
1.44001	5.45527e-09
1.45535	5.43079e-09
1.47086	5.40642e-09
1.48653	5.38217e-09
1.50236	5.37008e-09
1.51837	5.37008e-09
1.53454	5.37008e-09
1.55089	5.39428e-09
1.56741	5.4186e-09
1.58411	5.45527e-09
1.60098	5.50456e-09
1.61804	5.57933e-09
1.63528	5.65511e-09
1.6527	5.77073e-09
1.6703	5.8887e-09
1.6881	6.04976e-09
1.70608	6.24324e-09
1.72425	6.47195e-09
1.74262	6.75445e-09
1.76119	7.11297e-09
1.77995	7.54122e-09
1.79891	8.10385e-09
1.81807	8.82675e-09
1.83744	9.78865e-09
1.85702	1.11319e-08
1.8768	1.31214e-08
1.89679	1.62691e-08
1.917	2.20394e-08
1.93742	3.60432e-08
1.95806	1.1769e-07
1.95806	2.84273e-06
1.93742	4.56611e-06
1.917	5.55273e-06
1.89679	6.38701e-06
1.8768	7.15105e-06
1.85702	7.91253e-06
1.83744	8.66938e-06
1.81807	9.44273e-06
1.79891	1.02389e-05
1.77995	1.10773e-05
1.76119	1.19574e-05
1.74262	1.28784e-05
1.72425	1.38393e-05
1.70608	1.48384e-05
1.6881	1.59096e-05
1.6703	1.70582e-05
1.6527	1.82486e-05
1.63528	1.95221e-05
1.61804	2.08845e-05
1.60098	2.2342e-05
1.58411	2.38474e-05
1.56741	2.54543e-05
1.55089	2.71695e-05
1.53454	2.90003e-05
1.51837	3.09544e-05
1.50236	3.30402e-05
1.48653	3.52666e-05
1.47086	3.75584e-05
1.45535	4.00892e-05
1.44001	4.26944e-05
1.42483	4.55713e-05
1.40981	4.85328e-05
1.39495	5.18031e-05
1.38025	5.51695e-05
1.3657	5.8887e-05
1.35131	6.27138e-05
1.33706	6.69397e-05
1.32297	7.12898e-05
1.30902	7.60935e-05
1.29523	8.12209e-05
1.28157	8.64991e-05
1.26806	9.23277e-05
1.2547	9.8549e-05
1.24147	0.00010519
1.22839	0.000112278
1.21544	0.000119843
1.20263	0.000127919
1.18995	0.000136538
1.17741	0.000146067
1.165	0.000155909
1.15272	0.000166789
1.14057	0.000178028
1.12854	0.000190452
1.11665	0.000203743
1.10488	0.000217961
1.09323	0.000232648
1.08171	0.000248883
1.07031	0.000266252
1.05903	0.000284833
1.04786	0.00030471
1.03682	0.000325974
1.02589	0.000348723
1.01508	0.000372221
1.00438	0.000398197
0.993789	0.000425985
0.983313	0.000455713
0.972949	0.000487515
0.962693	0.000521537
0.952546	0.000559189
0.942505	0.000598212
0.932571	0.0006414
0.922741	0.000687705
0.913014	0.000737354
0.90339	0.000790586
0.893868	0.00084957
0.884446	0.000912955
0.875123	0.000983277
0.865899	0.00104718
0.856772	0.00111774
0.847741	0.0011877
0.838805	0.00126488
0.829964	0.00134708
0.821215	0.0014314
0.812559	0.001521
0.803994	0.0016162
0.795519	0.00171351
0.787134	0.00181668
0.778837	0.00192173
0.770628	0.00203285
0.762505	0.00214557
0.754467	0.00226964
0.746515	0.00239549
0.738646	0.00253401
0.73086	0.00267452
0.723156	0.00282918
0.715534	0.00298605
0.707992	0.00315163
0.700529	0.00333387
0.693145	0.00351874
0.685839	0.00371385
0.678609	0.0039286
0.671456	0.00414644
0.664379	0.00437636
0.657376	0.00461903
0.650447	0.00487515
0.64359	0.00514548
0.636807	0.00543079
0.630094	0.00574483
0.623453	0.00606338
0.616881	0.00639959
0.610379	0.00675445
0.603945	0.00712898
0.597579	0.00752428
0.59128	0.00792366
0.585047	0.00836302
0.578881	0.00882675
0.572779	0.00931619
0.566741	0.00981068
0.560767	0.0103547
0.554857	0.0109288
0.549008	0.0115089
0.543221	0.0121471
0.537495	0.0128207
0.53183	0.0135316
0.526224	0.0142498
0.520677	0.0150399
0.515189	0.0158739
0.509758	0.0167165
0.504385	0.0176434
0.499068	0.0186217
0.493808	0.0196543
0.488603	0.0261505
0.483453	0.0290003
0.478357	0.0314455
0.473315	0.0337916
0.468325	0.0361498
0.463389	0.0385856
0.458505	0.0410009
0.453672	0.0436653
0.44889	0.0462943
0.444158	0.049192
0.439476	0.0521537
0.434844	0.0552937
0.43026	0.0586228
0.425725	0.0621523
0.421238	0.0657463
0.416798	0.0697046
0.412404	0.0737354
0.408057	0.0781747
0.403756	0.0828814
0.3995	0.0876741
0.395289	0.0927439
0.391122	0.0983277
0.387	0.10519
0.382921	0.112278
0.378884	0.119574
0.374891	0.126773
0.370939	0.134708
0.367029	0.142819
0.36316	0.151417
0.359332	0.160895
0.355545	0.170582
0.351797	0.18126
0.348089	0.192173
0.34442	0.204201
0.340789	0.216496
0.337197	0.230047
0.333643	0.244446
0.330126	0.259747
0.326646	0.276006
0.323203	0.293282
0.319796	0.312341
0.316426	0.332639
0.31309	0.35346
0.30979	0.376429
0.306525	0.401794
0.303294	0.427905
0.300097	0.456739
0.296933	0.487515
0.293804	0.520366
0.290707	0.555429
0.287642	0.594191
0.284611	0.635657
0.281611	0.680017
0.278642	0.72911
0.275705	0.781747
0.272799	0.838185
0.269923	0.90072
0.267078	0.967921
0.264263	1
0.261478	1
0.258721	1
0.255994	1
0.253296	1
0.250626	1
0.247984	1
0.24537	1
0.242784	1
0.240225	1
0.237693	1
0.235187	1
0.232708	1
0.230255	1
0.227828	1
0.225427	1
0.223051	1
0.2207	1
0.218373	1
0.216071	1
0.213794	1
0.21154	1
0.209311	1
0.207104	1
0.204921	1
0.202761	1
0.200624	1
0.198509	1
0.196417	1
0.194347	1
0.192298	1
0.190271	1
0.188265	1
0.186281	1
0.184317	1
0.182375	1
0.180452	1
0.17855	1
0.176668	1
0.174806	1
0.172963	1
0.17114	1
0.169336	1
0.167551	1
0.165785	1
0.164038	1
0.162309	1
0.160598	1
0.158905	1
0.15723	1
0.155573	1
0.153933	1
0.15231	1
0.150705	1
0.149116	1
0.147545	1
0.145989	1
0.144451	1
0.142928	1
0.141421	1
0.141421	3.07463e-08
