#Mass	Ut	Events
0.01	0.754122
0.0101065	0.72911
0.0102142	0.706515
0.010323	0.684619
0.010433	0.661913
0.0105441	0.6414
0.0106564	0.620127
0.01077	0.600909
0.0108847	0.582286
0.0110007	0.564241
0.0111178	0.545527
0.0112363	0.528621
0.011356	0.512239
0.011477	0.49525
0.0115992	0.479902
0.0117228	0.465029
0.0118477	0.450618
0.0119739	0.435673
0.0121014	0.422171
0.0122304	0.409088
0.0123606	0.39641
0.0124923	0.383262
0.0126254	0.371385
0.0127599	0.359876
0.0128958	0.348723
0.0130332	0.337157
0.0131721	0.326708
0.0133124	0.316584
0.0134542	0.306083
0.0135975	0.296598
0.0137424	0.287406
0.0138888	0.278499
0.0140367	0.269262
0.0141863	0.260918
0.0143374	0.252832
0.0144901	0.244997
0.0146445	0.236871
0.0148005	0.22953
0.0149582	0.222417
0.0151175	0.21504
0.0152786	0.208376
0.0154413	0.201918
0.0156058	0.195661
0.0157721	0.189171
0.0159401	0.183309
0.0161099	0.177628
0.0162815	0.172123
0.016455	0.166415
0.0166303	0.161257
0.0168074	0.15626
0.0169865	0.151417
0.0171674	0.146395
0.0173503	0.141859
0.0175351	0.137462
0.0177219	0.133202
0.0179107	0.129074
0.0181015	0.124793
0.0182944	0.120926
0.0184893	0.117178
0.0186862	0.113547
0.0188853	0.110028
0.0190865	0.106379
0.0192898	0.103082
0.0194953	0.0998876
0.019703	0.0967921
0.0199129	0.0935818
0.020125	0.0906817
0.0203394	0.0878714
0.0205561	0.0851483
0.0207751	0.0823242
0.0209964	0.0797729
0.02122	0.0773007
0.0214461	0.0749052
0.0216746	0.0725838
0.0219055	0.0701765
0.0221388	0.0680017
0.0223747	0.0658943
0.022613	0.0637088
0.0228539	0.0617344
0.0230974	0.0598212
0.0233434	0.0578372
0.0235921	0.0560448
0.0238434	0.0543079
0.0240974	0.0525067
0.0243542	0.0508795
0.0246136	0.0493027
0.0248758	0.0476675
0.0251408	0.0461903
0.0254086	0.0446583
0.0256793	0.0432743
0.0259529	0.0418391
0.0262293	0.0405425
0.0265088	0.0391098
0.0267912	0.0378977
0.0270766	0.0365585
0.027365	0.0354255
0.0276565	0.0340969
0.0279512	0.0330402
0.0282489	0.0318726
0.0285499	0.0308849
0.028854	0.0297935
0.0291614	0.0288702
0.029472	0.0279126
0.029786	0.0269869
0.0301033	0.0260918
0.030424	0.0251698
0.0307481	0.0243897
0.0310757	0.0235808
0.0314067	0.02285
0.0317413	0.0221419
0.0320794	0.0214557
0.0324212	0.0207441
0.0327666	0.0201012
0.0331156	0.0194783
0.0334684	0.0188746
0.0338249	0.0182897
0.0341853	0.0176831
0.0345494	0.0171351
0.0349175	0.0166041
0.0352895	0.0160895
0.0356654	0.0155559
0.0360454	0.0150738
0.0364293	0.0145738
0.0368174	0.0140905
0.0372096	0.0136538
0.037606	0.013201
0.0380066	0.0127631
0.0384115	0.0123398
0.0388207	0.0119305
0.0392343	0.0115089
0.0396522	0.0111022
0.0400747	0.0106858
0.0405016	0.0103082
0.040933	0.00994394
0.0413691	0.00957099
0.0418098	0.00923277
0.0422552	0.0089065
0.0427053	0.00863048
0.0431603	0.00836302
0.0436201	0.00810385
0.0440848	0.00785271
0.0445544	0.00760935
0.045029	0.00737354
0.0455087	0.00712898
0.0459935	0.00690805
0.0464835	0.00669397
0.0469787	0.00648652
0.0474791	0.0062855
0.0479849	0.00607703
0.0484961	0.0058887
0.0490127	0.00570621
0.0495349	0.00552937
0.0500626	0.00534598
0.0505959	0.00518031
0.0511349	0.00501977
0.0516796	0.0048642
0.0522302	0.00470287
0.0527866	0.00455713
0.0533489	0.0044159
0.0539172	0.00426944
0.0544916	0.00412784
0.0550721	0.00399992
0.0556588	0.00387596
0.0562517	0.0037474
0.056851	0.00361498
0.0574566	0.00349508
0.0580687	0.00338677
0.0586873	0.00326708
0.0593125	0.00315163
0.0599443	0.0030471
0.0605829	0.00293942
0.0612283	0.00284833
0.0618806	0.0027415
0.0625398	0.00264462
0.063206	0.00256266
0.0638794	0.00248324
0.0645599	0.00239011
0.0652476	0.00231604
0.0659427	0.00224427
0.0666452	0.00216009
0.0673551	0.00209315
0.0680727	0.00203285
0.0687979	0.00196543
0.0695308	0.00190452
0.0702715	0.0018455
0.0710201	0.0017883
0.0717766	0.00173288
0.0725413	0.00167918
0.0733141	0.00162714
0.0740951	0.00157672
0.0748844	0.00154166
0.0756821	0.00149388
0.0764884	0.00144759
0.0773032	0.00140273
0.0781267	0.00136231
0.078959	0.0013201
0.0798002	0.00127919
0.0806503	0.00123954
0.0815094	0.00120113
0.0823778	0.00116391
0.0832553	0.00113038
0.0841422	0.00109534
0.0850386	0.0010614
0.0859445	0.00102851
0.0868601	0.000996633
0.0877854	0.000965747
0.0887206	0.000937925
0.0896657	0.000908858
0.0906209	0.000880692
0.0915863	0.000845758
0.092562	0.000819548
0.093548	0.000795937
0.0945446	0.000771271
0.0955518	0.000747369
0.0965697	0.000724208
0.0975984	0.000701765
0.0986382	0.000680017
0.0996889	0.000660426
0.100751	0.000639959
0.101824	0.000620127
0.102909	0.000600909
0.104005	0.000583597
0.105113	0.000569339
0.106233	0.000551695
0.107365	0.000534598
0.108508	0.000518031
0.109664	0.000503107
0.110833	0.000487515
0.112013	0.000472407
0.113207	0.000457767
0.114413	0.000443581
0.115631	0.000432743
0.116863	0.000419333
0.118108	0.000406337
0.119366	0.000394631
0.120638	0.000382401
0.121923	0.000370551
0.123222	0.000359067
0.124535	0.00034794
0.125861	0.000339439
0.127202	0.00032892
0.128557	0.000318726
0.129927	0.000308849
0.131311	0.000299278
0.13271	0.000290003
0.134123	0.000281016
0.135552	0.000272307
0.136996	0.000262094
0.138456	0.000248883
0.139931	0.000231604
0.141421	0.000211206
0.142928	0.000189597
0.144451	0.000166789
0.145989	0.000147055
0.147545	0.000129948
0.149116	0.000114316
0.150705	0.000101017
0.15231	8.98697e-05
0.153933	8.03129e-05
0.155573	7.22581e-05
0.15723	6.51576e-05
0.158905	5.91524e-05
0.160598	5.38217e-05
0.162309	4.89713e-05
0.164038	4.47588e-05
0.165785	4.12784e-05
0.167551	3.80686e-05
0.169336	3.51874e-05
0.17114	3.25974e-05
0.172963	3.03343e-05
0.174806	2.81648e-05
0.176668	2.62684e-05
0.17855	2.44446e-05
0.180452	2.29015e-05
0.182375	2.15524e-05
0.184317	2.0011e-05
0.186281	1.88323e-05
0.188265	1.80446e-05
0.188265	1
0.186281	1
0.184317	1
0.182375	1
0.180452	1
0.17855	1
0.176668	1
0.174806	1
0.172963	1
0.17114	1
0.169336	1
0.167551	1
0.165785	1
0.164038	1
0.162309	1
0.160598	1
0.158905	1
0.15723	1
0.155573	1
0.153933	1
0.15231	1
0.150705	1
0.149116	1
0.147545	1
0.145989	1
0.144451	1
0.142928	1
0.141421	1
0.139931	1
0.138456	1
0.136996	1
0.135552	1
0.134123	1
0.13271	1
0.131311	1
0.129927	1
0.128557	1
0.127202	1
0.125861	1
0.124535	1
0.123222	1
0.121923	1
0.120638	1
0.119366	1
0.118108	1
0.116863	1
0.115631	1
0.114413	1
0.113207	1
0.112013	1
0.110833	1
0.109664	1
0.108508	1
0.107365	1
0.106233	1
0.105113	1
0.104005	1
0.102909	1
0.101824	1
0.100751	1
0.0996889	1
0.0986382	1
0.0975984	1
0.0965697	1
0.0955518	1
0.0945446	1
0.093548	1
0.092562	1
0.0915863	1
0.0906209	1
0.0896657	1
0.0887206	1
0.0877854	1
0.0868601	1
0.0859445	1
0.0850386	1
0.0841422	1
0.0832553	1
0.0823778	1
0.0815094	1
0.0806503	1
0.0798002	1
0.078959	1
0.0781267	1
0.0773032	1
0.0764884	1
0.0756821	1
0.0748844	1
0.0740951	1
0.0733141	1
0.0725413	1
0.0717766	1
0.0710201	1
0.0702715	1
0.0695308	1
0.0687979	1
0.0680727	1
0.0673551	1
0.0666452	1
0.0659427	1
0.0652476	1
0.0645599	1
0.0638794	1
0.063206	1
0.0625398	1
0.0618806	1
0.0612283	1
0.0605829	1
0.0599443	1
0.0593125	1
0.0586873	1
0.0580687	1
0.0574566	1
0.056851	1
0.0562517	1
0.0556588	1
0.0550721	1
0.0544916	1
0.0539172	1
0.0533489	1
0.0527866	1
0.0522302	1
0.0516796	1
0.0511349	1
0.0505959	1
0.0500626	1
0.0495349	1
0.0490127	1
0.0484961	1
0.0479849	1
0.0474791	1
0.0469787	1
0.0464835	1
0.0459935	1
0.0455087	1
0.045029	1
0.0445544	1
0.0440848	1
0.0436201	1
0.0431603	1
0.0427053	1
0.0422552	1
0.0418098	1
0.0413691	1
0.040933	1
0.0405016	1
0.0400747	1
0.0396522	1
0.0392343	1
0.0388207	1
0.0384115	1
0.0380066	1
0.037606	1
0.0372096	1
0.0368174	1
0.0364293	1
0.0360454	1
0.0356654	1
0.0352895	1
0.0349175	1
0.0345494	1
0.0341853	1
0.0338249	1
0.0334684	1
0.0331156	1
0.0327666	1
0.0324212	1
0.0320794	1
0.0317413	1
0.0314067	1
0.0310757	1
0.0307481	1
0.030424	1
0.0301033	1
0.029786	1
0.029472	1
0.0291614	1
0.028854	1
0.0285499	1
0.0282489	1
0.0279512	1
0.0276565	1
0.027365	1
0.0270766	1
0.0267912	1
0.0265088	1
0.0262293	1
0.0259529	1
0.0256793	1
0.0254086	1
0.0251408	1
0.0248758	1
0.0246136	1
0.0243542	1
0.0240974	1
0.0238434	1
0.0235921	1
0.0233434	1
0.0230974	1
0.0228539	1
0.022613	1
0.0223747	1
0.0221388	1
0.0219055	1
0.0216746	1
0.0214461	1
0.02122	1
0.0209964	1
0.0207751	1
0.0205561	1
0.0203394	1
0.020125	1
0.0199129	1
0.019703	1
0.0194953	1
0.0192898	1
0.0190865	1
0.0188853	1
0.0186862	1
0.0184893	1
0.0182944	1
0.0181015	1
0.0179107	1
0.0177219	1
0.0175351	1
0.0173503	1
0.0171674	1
0.0169865	1
0.0168074	1
0.0166303	1
0.016455	1
0.0162815	1
0.0161099	1
0.0159401	1
0.0157721	1
0.0156058	1
0.0154413	1
0.0152786	1
0.0151175	1
0.0149582	1
0.0148005	1
0.0146445	1
0.0144901	1
0.0143374	1
0.0141863	1
0.0140367	1
0.0138888	1
0.0137424	1
0.0135975	1
0.0134542	1
0.0133124	1
0.0131721	1
0.0130332	1
0.0128958	1
0.0127599	1
0.0126254	1
0.0124923	1
0.0123606	1
0.0122304	1
0.0121014	1
0.0119739	1
0.0118477	1
0.0117228	1
0.0115992	1
0.011477	1
0.011356	1
0.0112363	1
0.0111178	1
0.0110007	1
0.0108847	1
0.01077	1
0.0106564	1
0.0105441	1
0.010433	1
0.010323	1
0.0102142	1
0.0101065	1
0.01	1
0.01	0.754122


