#Mass	Um	Events
0.01	5.18031e-05
0.0101065	5.03107e-05
0.0102142	4.8642e-05
0.010323	4.71346e-05
0.010433	4.56739e-05
0.0105441	4.42584e-05
0.0106564	4.28869e-05
0.01077	4.15578e-05
0.0108847	4.02699e-05
0.0110007	3.90219e-05
0.0111178	3.78126e-05
0.0112363	3.66408e-05
0.011356	3.55053e-05
0.011477	3.4405e-05
0.0115992	3.33387e-05
0.0117228	3.23056e-05
0.0118477	3.13044e-05
0.0119739	3.03343e-05
0.0121014	2.93942e-05
0.0122304	2.84833e-05
0.0123606	2.76627e-05
0.0124923	2.68054e-05
0.0126254	2.59747e-05
0.0127599	2.51698e-05
0.0128958	2.43897e-05
0.0130332	2.36339e-05
0.0131721	2.29015e-05
0.0133124	2.22417e-05
0.0134542	2.15524e-05
0.0135975	2.08845e-05
0.0137424	2.02373e-05
0.0138888	1.96543e-05
0.0140367	1.90452e-05
0.0141863	1.8455e-05
0.0143374	1.7883e-05
0.0144901	1.73679e-05
0.0146445	1.68296e-05
0.0148005	1.63448e-05
0.0149582	1.58382e-05
0.0151175	1.54166e-05
0.0152786	1.49388e-05
0.0154413	1.45085e-05
0.0156058	1.40588e-05
0.0157721	1.36538e-05
0.0159401	1.32307e-05
0.0161099	1.28495e-05
0.0162815	1.24513e-05
0.016455	1.20926e-05
0.0166303	1.17442e-05
0.0168074	1.13803e-05
0.0169865	1.10524e-05
0.0171674	1.07099e-05
0.0173503	1.04014e-05
0.0175351	1.01017e-05
0.0177219	9.81068e-06
0.0179107	9.50665e-06
0.0181015	9.23277e-06
0.0182944	8.96678e-06
0.0184893	8.70846e-06
0.0186862	8.45758e-06
0.0188853	8.21393e-06
0.0190865	7.97729e-06
0.0192898	7.74747e-06
0.0194953	7.52428e-06
0.019703	7.30751e-06
0.0199129	7.09699e-06
0.020125	6.89253e-06
0.0203394	6.69397e-06
0.0205561	6.50112e-06
0.0207751	6.32804e-06
0.0209964	6.14574e-06
0.02122	5.96869e-06
0.0214461	5.80979e-06
0.0216746	5.65511e-06
0.0219055	5.4922e-06
0.0221388	5.34598e-06
0.0223747	5.20366e-06
0.022613	5.06512e-06
0.0228539	4.93027e-06
0.0230974	4.79902e-06
0.0233434	4.67126e-06
0.0235921	4.54689e-06
0.0238434	4.42584e-06
0.0240974	4.31771e-06
0.0243542	4.20277e-06
0.0246136	4.10009e-06
0.0248758	3.99992e-06
0.0251408	3.91978e-06
0.0254086	3.82401e-06
0.0256793	3.73059e-06
0.0259529	3.64764e-06
0.0262293	3.55852e-06
0.0265088	3.4794e-06
0.0267912	3.40203e-06
0.0270766	3.32639e-06
0.027365	3.25974e-06
0.0276565	3.19444e-06
0.0279512	3.13044e-06
0.0282489	3.07463e-06
0.0285499	3.01982e-06
0.028854	2.96598e-06
0.0291614	2.91966e-06
0.029472	2.87406e-06
0.029786	2.84193e-06
0.0301033	2.80384e-06
0.030424	2.77874e-06
0.0307481	2.76006e-06
0.0310757	2.75386e-06
0.0314067	2.75386e-06
0.0317413	2.76627e-06
0.0320794	2.80384e-06
0.0324212	2.86117e-06
0.0327666	2.96598e-06
0.0331156	3.14455e-06
0.0334684	3.51083e-06
0.0338249	4.89713e-06
0.0341853	1.03314e-05
0.0345494	1.00112e-05
0.0349175	9.701e-06
0.0352895	9.37925e-06
0.0356654	9.08858e-06
0.0360454	8.78714e-06
0.0364293	8.51483e-06
0.0368174	8.25095e-06
0.0372096	7.99525e-06
0.037606	7.74747e-06
0.0380066	7.50738e-06
0.0384115	7.27472e-06
0.0388207	7.04928e-06
0.0392343	6.83082e-06
0.0396522	6.61913e-06
0.0400747	6.414e-06
0.0405016	6.21523e-06
0.040933	6.02262e-06
0.0413691	5.83597e-06
0.0418098	5.65511e-06
0.0422552	5.47986e-06
0.0427053	5.31004e-06
0.0431603	5.14548e-06
0.0436201	4.98602e-06
0.0440848	4.8315e-06
0.0445544	4.68177e-06
0.045029	4.51632e-06
0.0455087	4.37636e-06
0.0459935	4.24074e-06
0.0464835	4.10932e-06
0.0469787	3.98197e-06
0.0474791	3.85856e-06
0.0479849	3.73899e-06
0.0484961	3.62311e-06
0.0490127	3.51083e-06
0.0495349	3.40203e-06
0.0500626	3.2966e-06
0.0505959	3.19444e-06
0.0511349	3.09544e-06
0.0516796	2.99951e-06
0.0522302	2.90656e-06
0.0527866	2.82282e-06
0.0533489	2.73534e-06
0.0539172	2.65057e-06
0.0544916	2.56843e-06
0.0550721	2.48324e-06
0.0556588	2.40629e-06
0.0562517	2.33172e-06
0.056851	2.25946e-06
0.0574566	2.18943e-06
0.0580687	2.12158e-06
0.0586873	2.05584e-06
0.0593125	1.99212e-06
0.0599443	1.93039e-06
0.0605829	1.87478e-06
0.0612283	1.81668e-06
0.0618806	1.76038e-06
0.0625398	1.70582e-06
0.063206	1.65296e-06
0.0638794	1.60173e-06
0.0645599	1.55559e-06
0.0652476	1.50399e-06
0.0659427	1.45738e-06
0.0666452	1.41222e-06
0.0673551	1.36845e-06
0.0680727	1.32605e-06
0.0687979	1.28495e-06
0.0695308	1.24513e-06
0.0702715	1.20926e-06
0.0710201	1.17178e-06
0.0717766	1.13547e-06
0.0725413	1.10028e-06
0.0733141	1.06618e-06
0.0740951	1.03314e-06
0.0748844	1.00112e-06
0.0756821	9.72284e-07
0.0764884	9.42152e-07
0.0773032	9.12955e-07
0.0781267	8.84662e-07
0.078959	8.57246e-07
0.0798002	8.3068e-07
0.0806503	8.04937e-07
0.0815094	7.79991e-07
0.0823778	7.55819e-07
0.0832553	7.32396e-07
0.0841422	7.11297e-07
0.0850386	6.89253e-07
0.0859445	6.67893e-07
0.0868601	6.47195e-07
0.0877854	6.27138e-07
0.0887206	6.07703e-07
0.0896657	5.8887e-07
0.0906209	5.70621e-07
0.0915863	5.52937e-07
0.092562	5.35801e-07
0.093548	5.19197e-07
0.0945446	5.03107e-07
0.0955518	4.88613e-07
0.0965697	4.73471e-07
0.0975984	4.58798e-07
0.0986382	4.44579e-07
0.0996889	4.30802e-07
0.100751	4.18391e-07
0.101824	4.05425e-07
0.102909	3.9286e-07
0.104005	3.80686e-07
0.105113	3.66408e-07
0.106233	3.55053e-07
0.107365	3.4405e-07
0.108508	3.33387e-07
0.109664	3.23783e-07
0.110833	3.11639e-07
0.112013	3.01982e-07
0.113207	2.92623e-07
0.114413	2.84193e-07
0.115631	2.73534e-07
0.116863	2.65654e-07
0.118108	2.57421e-07
0.119366	2.49444e-07
0.120638	2.40629e-07
0.121923	2.33172e-07
0.123222	2.25946e-07
0.124535	2.19436e-07
0.125861	2.11206e-07
0.127202	2.05122e-07
0.128557	1.98765e-07
0.129927	1.92605e-07
0.131311	1.85799e-07
0.13271	1.80041e-07
0.134123	1.74461e-07
0.135552	1.68296e-07
0.136996	1.63081e-07
0.138456	1.58382e-07
0.139931	1.53474e-07
0.141421	1.48051e-07
0.142928	1.43785e-07
0.144451	1.39329e-07
0.145989	1.34104e-07
0.147545	1.30241e-07
0.149116	1.26204e-07
0.150705	1.22019e-07
0.15231	1.18503e-07
0.153933	1.14831e-07
0.155573	1.11022e-07
0.15723	1.07582e-07
0.158905	1.04482e-07
0.160598	1.01244e-07
0.162309	9.81068e-08
0.164038	9.50665e-08
0.165785	9.23277e-08
0.167551	8.94664e-08
0.169336	8.6889e-08
0.17114	8.41963e-08
0.172963	8.1587e-08
0.174806	7.90586e-08
0.176668	7.66086e-08
0.17855	7.44016e-08
0.180452	7.19339e-08
0.182375	6.98616e-08
0.184317	6.76965e-08
0.186281	6.55986e-08
0.188265	6.35657e-08
0.190271	6.15958e-08
0.192298	5.98212e-08
0.194347	5.79674e-08
0.196417	5.62974e-08
0.198509	5.45527e-08
0.200624	5.37008e-08
0.202761	5.20366e-08
0.204921	5.05374e-08
0.207104	4.8642e-08
0.209311	4.72407e-08
0.21154	4.56739e-08
0.213794	4.42584e-08
0.216071	4.28869e-08
0.218373	4.16513e-08
0.2207	4.01794e-08
0.223051	3.89343e-08
0.225427	3.77277e-08
0.227828	3.66408e-08
0.230255	3.54255e-08
0.232708	3.4405e-08
0.235187	3.31891e-08
0.237693	3.2233e-08
0.240225	3.12341e-08
0.242784	3.03343e-08
0.24537	2.93282e-08
0.247984	2.84193e-08
0.250626	2.75386e-08
0.253296	2.67452e-08
0.255994	2.59747e-08
0.258721	2.51698e-08
0.261478	2.44446e-08
0.264263	2.37404e-08
0.267078	2.30047e-08
0.269923	2.2342e-08
0.272799	2.16983e-08
0.275705	2.10259e-08
0.278642	2.04201e-08
0.281611	1.98765e-08
0.284611	1.93039e-08
0.287642	1.87478e-08
0.290707	1.82077e-08
0.293804	1.77229e-08
0.296933	1.71737e-08
0.300097	1.67212e-08
0.303294	1.62486e-08
0.306525	1.57894e-08
0.30979	1.5369e-08
0.31309	1.49346e-08
0.316426	1.4537e-08
0.319796	1.415e-08
0.323203	1.37733e-08
0.326646	1.34292e-08
0.330126	1.31159e-08
0.333643	1.27883e-08
0.337197	1.24688e-08
0.340789	1.21984e-08
0.34442	1.19138e-08
0.348089	1.16751e-08
0.351797	1.14412e-08
0.355545	1.1212e-08
0.359332	1.10617e-08
0.36316	1.09504e-08
0.367029	1.08584e-08
0.370939	1.08767e-08
0.374891	1.10059e-08
0.378884	1.13643e-08
0.382921	1.23017e-08
0.387	1.68628e-08
0.391122	0.000276044
0.395289	0.00026749
0.3995	0.000259711
0.403756	0.000251662
0.408057	0.000244825
0.412404	0.000237237
0.416798	0.000230792
0.421238	0.00022408
0.425725	0.000217563
0.43026	0.000211652
0.434844	0.000205093
0.439476	0.000199128
0.444158	0.000193718
0.44889	0.000188085
0.453672	0.000182615
0.458505	0.000176955
0.463389	0.000171809
0.468325	0.000166485
0.473315	0.000161643
0.478357	0.000156942
0.483453	0.000152378
0.488603	0.000147656
0.493808	0.000143362
0.499068	0.000139192
0.504385	0.000135144
0.509758	0.000131214
0.515189	0.000127649
0.520677	0.000124015
0.526224	0.000120443
0.53183	0.000116973
0.537495	0.000113603
0.543221	0.00011033
0.549008	0.000107348
0.554857	0.000104255
0.560767	0.000101437
0.566741	9.85767e-05
0.572779	9.59524e-05
0.578881	9.32405e-05
0.585047	9.06052e-05
0.59128	8.81931e-05
0.597579	8.57005e-05
0.603945	8.32784e-05
0.610379	8.10613e-05
0.616881	7.89032e-05
0.623453	7.66732e-05
0.630094	7.47579e-05
0.636807	7.26451e-05
0.64359	7.05919e-05
0.650447	6.88285e-05
0.657376	6.69961e-05
0.664379	6.52125e-05
0.671456	6.35835e-05
0.678609	6.18908e-05
0.685839	6.02431e-05
0.693145	5.86393e-05
0.700529	5.71745e-05
0.707992	5.57463e-05
0.715534	5.43537e-05
0.723156	5.2996e-05
0.73086	5.16722e-05
0.738646	5.03814e-05
0.746515	4.92889e-05
0.754467	4.80577e-05
0.762505	4.70155e-05
0.770628	4.57638e-05
0.778837	4.46207e-05
0.787134	4.36531e-05
0.795519	4.27785e-05
0.803994	4.17099e-05
0.812559	4.0668e-05
0.821215	3.97861e-05
0.829964	3.87923e-05
0.838805	3.7951e-05
0.847741	3.71281e-05
0.856772	3.62617e-05
0.865899	3.55352e-05
0.875123	3.47061e-05
0.884446	3.4241e-05
0.893868	3.37821e-05
0.90339	3.33294e-05
0.913014	3.28827e-05
0.922741	3.24421e-05
0.932571	3.20073e-05
0.942505	3.16851e-05
0.952546	3.13661e-05
0.962693	3.11027e-05
0.972949	3.09457e-05
0.983313	3.07895e-05
0.993789	3.06859e-05
1.00438	3.07895e-05
1.01508	3.0998e-05
1.02589	3.13936e-05
1.03682	3.21544e-05
1.04786	3.28521e-05
1.05903	3.4692e-05
1.05903	6.33316e-05
1.04786	7.44146e-05
1.03682	8.446e-05
1.02589	9.60671e-05
1.01508	0.000107824
1.00438	0.000120654
0.993789	0.000134406
0.983313	0.000148718
0.972949	0.000164924
0.962693	0.000181668
0.952546	0.000200561
0.942505	0.000221419
0.932571	0.000243897
0.922741	0.000268054
0.913014	0.000295267
0.90339	0.000325242
0.893868	0.000359876
0.884446	0.000399992
0.875123	0.000444579
0.865899	0.000477748
0.856772	0.000512239
0.847741	0.000550456
0.838805	0.00058887
0.829964	0.000632804
0.821215	0.000676965
0.812559	0.000725838
0.803994	0.000776492
0.795519	0.000828814
0.787134	0.000888649
0.778837	0.000948529
0.770628	0.00101244
0.762505	0.00107824
0.754467	0.00115089
0.746515	0.00122844
0.738646	0.00130828
0.73086	0.00139643
0.723156	0.00148718
0.715534	0.00158739
0.707992	0.00169055
0.700529	0.00180041
0.693145	0.00191741
0.685839	0.00204201
0.678609	0.00217471
0.671456	0.00231604
0.664379	0.00246655
0.657376	0.00262684
0.650447	0.00279755
0.64359	0.00297935
0.636807	0.00316584
0.630094	0.003364
0.623453	0.00358261
0.616881	0.00381543
0.610379	0.00405425
0.603945	0.00430802
0.597579	0.00458798
0.59128	0.00487515
0.585047	0.00516867
0.578881	0.0054922
0.572779	0.00583597
0.566741	0.00618734
0.560767	0.00657278
0.554857	0.00697242
0.549008	0.00740885
0.543221	0.00785933
0.537495	0.00835128
0.53183	0.00885906
0.526224	0.00939772
0.520677	0.00998596
0.515189	0.0105902
0.509758	0.011253
0.504385	0.0119574
0.499068	0.0126773
0.493808	0.0134406
0.488603	0.0142498
0.483453	0.0151077
0.478357	0.0160173
0.473315	0.0169817
0.468325	0.0180446
0.463389	0.019131
0.458505	0.0202828
0.453672	0.021504
0.44889	0.0229015
0.444158	0.024335
0.439476	0.0259747
0.434844	0.0276006
0.43026	0.0293942
0.425725	0.0313044
0.421238	0.0333387
0.416798	0.0355852
0.412404	0.0378977
0.408057	0.0404514
0.403756	0.0431771
0.3995	0.045983
0.395289	0.0489713
0.391122	0.0521537
0.387	0.1879
0.382921	0.204201
0.378884	0.218943
0.374891	0.233172
0.370939	0.248324
0.367029	0.264462
0.36316	0.281648
0.359332	0.299951
0.355545	0.320163
0.351797	0.340969
0.348089	0.363127
0.34442	0.387596
0.340789	0.413713
0.337197	0.44159
0.333643	0.471346
0.330126	0.504239
0.326646	0.539428
0.323203	0.577073
0.319796	0.617344
0.316426	0.661913
0.31309	0.709699
0.30979	0.762648
0.306525	0.819548
0.303294	0.880692
0.300097	0.948529
0.296933	1
0.293804	1
0.290707	1
0.287642	1
0.284611	1
0.281611	1
0.278642	1
0.275705	1
0.272799	1
0.269923	1
0.267078	1
0.264263	1
0.261478	1
0.258721	1
0.255994	1
0.253296	1
0.250626	1
0.247984	1
0.24537	1
0.242784	1
0.240225	1
0.237693	1
0.235187	1
0.232708	1
0.230255	1
0.227828	1
0.225427	1
0.223051	1
0.2207	1
0.218373	1
0.216071	1
0.213794	1
0.21154	1
0.209311	1
0.207104	1
0.204921	1
0.202761	1
0.200624	1
0.198509	1
0.196417	1
0.194347	1
0.192298	1
0.190271	1
0.188265	1
0.186281	1
0.184317	1
0.182375	1
0.180452	1
0.17855	1
0.176668	1
0.174806	1
0.172963	1
0.17114	1
0.169336	1
0.167551	1
0.165785	1
0.164038	1
0.162309	1
0.160598	1
0.158905	1
0.15723	1
0.155573	1
0.153933	1
0.15231	1
0.150705	1
0.149116	1
0.147545	1
0.145989	1
0.144451	1
0.142928	1
0.141421	1
0.139931	1
0.138456	1
0.136996	1
0.135552	1
0.134123	1
0.13271	1
0.131311	1
0.129927	1
0.128557	1
0.127202	1
0.125861	1
0.124535	1
0.123222	1
0.121923	1
0.120638	1
0.119366	1
0.118108	1
0.116863	1
0.115631	1
0.114413	1
0.113207	1
0.112013	1
0.110833	1
0.109664	1
0.108508	1
0.107365	1
0.106233	1
0.105113	1
0.104005	1
0.102909	1
0.101824	1
0.100751	1
0.0996889	1
0.0986382	1
0.0975984	1
0.0965697	1
0.0955518	1
0.0945446	1
0.093548	1
0.092562	1
0.0915863	1
0.0906209	1
0.0896657	1
0.0887206	1
0.0877854	1
0.0868601	1
0.0859445	1
0.0850386	1
0.0841422	1
0.0832553	1
0.0823778	1
0.0815094	1
0.0806503	1
0.0798002	1
0.078959	1
0.0781267	1
0.0773032	1
0.0764884	1
0.0756821	1
0.0748844	1
0.0740951	1
0.0733141	1
0.0725413	1
0.0717766	1
0.0710201	1
0.0702715	1
0.0695308	1
0.0687979	1
0.0680727	1
0.0673551	1
0.0666452	1
0.0659427	1
0.0652476	1
0.0645599	1
0.0638794	1
0.063206	1
0.0625398	1
0.0618806	1
0.0612283	1
0.0605829	1
0.0599443	1
0.0593125	1
0.0586873	1
0.0580687	1
0.0574566	1
0.056851	1
0.0562517	1
0.0556588	1
0.0550721	1
0.0544916	1
0.0539172	1
0.0533489	1
0.0527866	1
0.0522302	1
0.0516796	1
0.0511349	1
0.0505959	1
0.0500626	1
0.0495349	1
0.0490127	1
0.0484961	1
0.0479849	1
0.0474791	1
0.0469787	1
0.0464835	1
0.0459935	1
0.0455087	1
0.045029	1
0.0445544	1
0.0440848	1
0.0436201	1
0.0431603	1
0.0427053	1
0.0422552	1
0.0418098	1
0.0413691	1
0.040933	1
0.0405016	1
0.0400747	1
0.0396522	1
0.0392343	1
0.0388207	1
0.0384115	1
0.0380066	1
0.037606	1
0.0372096	1
0.0368174	1
0.0364293	1
0.0360454	1
0.0356654	1
0.0352895	1
0.0349175	1
0.0345494	1
0.0341853	1
0.0338249	1
0.0334684	1
0.0331156	1
0.0327666	1
0.0324212	1
0.0320794	1
0.0317413	1
0.0314067	1
0.0310757	1
0.0307481	1
0.030424	1
0.0301033	1
0.029786	1
0.029472	1
0.0291614	1
0.028854	1
0.0285499	1
0.0282489	1
0.0279512	1
0.0276565	1
0.027365	1
0.0270766	1
0.0267912	1
0.0265088	1
0.0262293	1
0.0259529	1
0.0256793	1
0.0254086	1
0.0251408	1
0.0248758	1
0.0246136	1
0.0243542	1
0.0240974	1
0.0238434	1
0.0235921	1
0.0233434	1
0.0230974	1
0.0228539	1
0.022613	1
0.0223747	1
0.0221388	1
0.0219055	1
0.0216746	1
0.0214461	1
0.02122	1
0.0209964	1
0.0207751	1
0.0205561	1
0.0203394	1
0.020125	1
0.0199129	1
0.019703	1
0.0194953	1
0.0192898	1
0.0190865	1
0.0188853	1
0.0186862	1
0.0184893	1
0.0182944	1
0.0181015	1
0.0179107	1
0.0177219	1
0.0175351	1
0.0173503	1
0.0171674	1
0.0169865	1
0.0168074	1
0.0166303	1
0.016455	1
0.0162815	1
0.0161099	1
0.0159401	1
0.0157721	1
0.0156058	1
0.0154413	1
0.0152786	1
0.0151175	1
0.0149582	1
0.0148005	1
0.0146445	1
0.0144901	1
0.0143374	1
0.0141863	1
0.0140367	1
0.0138888	1
0.0137424	1
0.0135975	1
0.0134542	1
0.0133124	1
0.0131721	1
0.0130332	1
0.0128958	1
0.0127599	1
0.0126254	1
0.0124923	1
0.0123606	1
0.0122304	1
0.0121014	1
0.0119739	1
0.0118477	1
0.0117228	1
0.0115992	1
0.011477	1
0.011356	1
0.0112363	1
0.0111178	1
0.0110007	1
0.0108847	1
0.01077	1
0.0106564	1
0.0105441	1
0.010433	1
0.010323	1
0.0102142	1
0.0101065	1
0.01	1
0.01	5.18031e-05


