#Mass	Um	Events
0.01	1.39957e-05
0.0101065	1.3562e-05
0.0102142	1.31122e-05
0.010323	1.27059e-05
0.010433	1.23121e-05
0.0105441	1.19037e-05
0.0106564	1.15348e-05
0.01077	1.11523e-05
0.0108847	1.08067e-05
0.0110007	1.04718e-05
0.0111178	1.01472e-05
0.0112363	9.83277e-06
0.011356	9.50665e-06
0.011477	9.21203e-06
0.0115992	8.92655e-06
0.0117228	8.63048e-06
0.0118477	8.36302e-06
0.0119739	8.10385e-06
0.0121014	7.85271e-06
0.0122304	7.59226e-06
0.0123606	7.35697e-06
0.0124923	7.12898e-06
0.0126254	6.90805e-06
0.0127599	6.69397e-06
0.0128958	6.47195e-06
0.0130332	6.27138e-06
0.0131721	6.07703e-06
0.0133124	5.8887e-06
0.0134542	5.70621e-06
0.0135975	5.51695e-06
0.0137424	5.34598e-06
0.0138888	5.18031e-06
0.0140367	5.01977e-06
0.0141863	4.8642e-06
0.0143374	4.71346e-06
0.0144901	4.56739e-06
0.0146445	4.42584e-06
0.0148005	4.27905e-06
0.0149582	4.14644e-06
0.0151175	4.01794e-06
0.0152786	3.89343e-06
0.0154413	3.77277e-06
0.0156058	3.65585e-06
0.0157721	3.54255e-06
0.0159401	3.43277e-06
0.0161099	3.32639e-06
0.0162815	3.2233e-06
0.016455	3.12341e-06
0.0166303	3.02661e-06
0.0168074	2.93282e-06
0.0169865	2.84193e-06
0.0171674	2.75386e-06
0.0173503	2.66851e-06
0.0175351	2.58582e-06
0.0177219	2.50568e-06
0.0179107	2.4335e-06
0.0181015	2.35808e-06
0.0182944	2.285e-06
0.0184893	2.21419e-06
0.0186862	2.14557e-06
0.0188853	2.08376e-06
0.0190865	2.01918e-06
0.0192898	1.95661e-06
0.0194953	1.89597e-06
0.019703	1.84135e-06
0.0199129	1.78429e-06
0.020125	1.72899e-06
0.0203394	1.67918e-06
0.0205561	1.62714e-06
0.0207751	1.58027e-06
0.0209964	1.53129e-06
0.02122	1.48718e-06
0.0214461	1.44109e-06
0.0216746	1.39957e-06
0.0219055	1.35925e-06
0.0221388	1.31713e-06
0.0223747	1.27919e-06
0.022613	1.24233e-06
0.0228539	1.20654e-06
0.0230974	1.17178e-06
0.0233434	1.13803e-06
0.0235921	1.10524e-06
0.0238434	1.0734e-06
0.0240974	1.04482e-06
0.0243542	1.01472e-06
0.0246136	9.8549e-07
0.0248758	9.59254e-07
0.0251408	9.33716e-07
0.0254086	9.06817e-07
0.0256793	8.82675e-07
0.0259529	8.59176e-07
0.0262293	8.36302e-07
0.0265088	8.1587e-07
0.0267912	7.9415e-07
0.0270766	7.74747e-07
0.027365	7.55819e-07
0.0276565	7.37354e-07
0.0279512	7.20958e-07
0.0282489	7.03344e-07
0.0285499	6.89253e-07
0.028854	6.73928e-07
0.0291614	6.60426e-07
0.029472	6.48652e-07
0.029786	6.37088e-07
0.0301033	6.27138e-07
0.030424	6.17344e-07
0.0307481	6.10442e-07
0.0310757	6.04976e-07
0.0314067	6.00909e-07
0.0317413	6.00909e-07
0.0320794	6.03617e-07
0.0324212	6.13194e-07
0.0327666	6.29965e-07
0.0331156	6.63403e-07
0.0334684	7.37354e-07
0.0338249	1.04014e-06
0.0341853	3.35644e-06
0.0345494	3.24512e-06
0.0349175	3.14455e-06
0.0352895	3.04026e-06
0.0356654	2.94604e-06
0.0360454	2.84833e-06
0.0364293	2.76006e-06
0.0368174	2.66851e-06
0.0372096	2.58582e-06
0.037606	2.50005e-06
0.0380066	2.41713e-06
0.0384115	2.34223e-06
0.0388207	2.26454e-06
0.0392343	2.19436e-06
0.0396522	2.12158e-06
0.0400747	2.05122e-06
0.0405016	1.98765e-06
0.040933	1.92173e-06
0.0413691	1.85799e-06
0.0418098	1.80041e-06
0.0422552	1.74069e-06
0.0427053	1.68296e-06
0.0431603	1.63081e-06
0.0436201	1.57672e-06
0.0440848	1.52442e-06
0.0445544	1.47718e-06
0.045029	1.42819e-06
0.0455087	1.38082e-06
0.0459935	1.33502e-06
0.0464835	1.29365e-06
0.0469787	1.25074e-06
0.0474791	1.20926e-06
0.0479849	1.16915e-06
0.0484961	1.13038e-06
0.0490127	1.09534e-06
0.0495349	1.05902e-06
0.0500626	1.02389e-06
0.0505959	9.89932e-07
0.0511349	9.57099e-07
0.0516796	9.25355e-07
0.0522302	8.94664e-07
0.0527866	8.64991e-07
0.0533489	8.36302e-07
0.0539172	8.10385e-07
0.0544916	7.83507e-07
0.0550721	7.57521e-07
0.0556588	7.32396e-07
0.0562517	7.08105e-07
0.056851	6.84619e-07
0.0574566	6.61913e-07
0.0580687	6.38522e-07
0.0586873	6.17344e-07
0.0593125	5.96869e-07
0.0599443	5.77073e-07
0.0605829	5.57933e-07
0.0612283	5.39428e-07
0.0618806	5.21537e-07
0.0625398	5.04239e-07
0.063206	4.87515e-07
0.0638794	4.70287e-07
0.0645599	4.54689e-07
0.0652476	4.39609e-07
0.0659427	4.25028e-07
0.0666452	4.10009e-07
0.0673551	3.9641e-07
0.0680727	3.83262e-07
0.0687979	3.69718e-07
0.0695308	3.57456e-07
0.0702715	3.456e-07
0.0710201	3.33387e-07
0.0717766	3.2233e-07
0.0725413	3.11639e-07
0.0733141	3.00627e-07
0.0740951	2.90656e-07
0.0748844	2.80384e-07
0.0756821	2.71085e-07
0.0764884	2.61505e-07
0.0773032	2.52832e-07
0.0781267	2.43897e-07
0.078959	2.35808e-07
0.0798002	2.27475e-07
0.0806503	2.1993e-07
0.0815094	2.12158e-07
0.0823778	2.04661e-07
0.0832553	1.97873e-07
0.0841422	1.90881e-07
0.0850386	1.84135e-07
0.0859445	1.78028e-07
0.0868601	1.71737e-07
0.0877854	1.65668e-07
0.0887206	1.60173e-07
0.0896657	1.54513e-07
0.0906209	1.49053e-07
0.0915863	1.43785e-07
0.092562	1.39017e-07
0.093548	1.34104e-07
0.0945446	1.29365e-07
0.0955518	1.24793e-07
0.0965697	1.20383e-07
0.0975984	1.16129e-07
0.0986382	1.12025e-07
0.0996889	1.08067e-07
0.100751	1.04248e-07
0.101824	1.0079e-07
0.102909	9.72284e-08
0.104005	9.37925e-08
0.105113	9.0478e-08
0.106233	8.72806e-08
0.107365	8.41963e-08
0.108508	8.12209e-08
0.109664	7.83507e-08
0.110833	7.55819e-08
0.112013	7.27472e-08
0.113207	7.01765e-08
0.114413	6.76965e-08
0.115631	6.53042e-08
0.116863	6.29965e-08
0.118108	6.07703e-08
0.119366	5.86228e-08
0.120638	5.65511e-08
0.121923	5.44302e-08
0.123222	5.25067e-08
0.124535	5.06512e-08
0.125861	4.88613e-08
0.127202	4.71346e-08
0.128557	4.54689e-08
0.129927	4.37636e-08
0.131311	4.22171e-08
0.13271	4.07252e-08
0.134123	3.9286e-08
0.135552	3.78126e-08
0.136996	3.64764e-08
0.138456	3.51874e-08
0.139931	3.39439e-08
0.141421	3.26708e-08
0.142928	3.15163e-08
0.144451	3.04026e-08
0.145989	2.93282e-08
0.147545	2.82282e-08
0.149116	2.72307e-08
0.150705	2.62684e-08
0.15231	2.53401e-08
0.153933	2.43897e-08
0.155573	2.35278e-08
0.15723	2.26964e-08
0.158905	2.18943e-08
0.160598	2.10732e-08
0.162309	2.03285e-08
0.164038	1.96101e-08
0.165785	1.89171e-08
0.167551	1.82486e-08
0.169336	1.75642e-08
0.17114	1.69435e-08
0.172963	1.63448e-08
0.174806	1.57672e-08
0.176668	1.521e-08
0.17855	1.46725e-08
0.180452	1.4154e-08
0.182375	1.36231e-08
0.184317	1.31417e-08
0.186281	1.26773e-08
0.188265	1.22293e-08
0.190271	1.17972e-08
0.192298	1.13803e-08
0.194347	1.09781e-08
0.196417	1.0614e-08
0.198509	1.02389e-08
0.200624	9.96633e-09
0.202761	9.61413e-09
0.204921	9.27439e-09
0.207104	8.96678e-09
0.209311	8.64991e-09
0.21154	8.34424e-09
0.213794	8.06749e-09
0.216071	7.7824e-09
0.218373	7.50738e-09
0.2207	7.25838e-09
0.223051	7.00188e-09
0.225427	6.76965e-09
0.227828	6.54513e-09
0.230255	6.31383e-09
0.232708	6.10442e-09
0.235187	5.90196e-09
0.237693	5.70621e-09
0.240225	5.51695e-09
0.242784	5.33397e-09
0.24537	5.15706e-09
0.247984	4.99724e-09
0.250626	4.8315e-09
0.253296	4.68177e-09
0.255994	4.52649e-09
0.258721	4.38621e-09
0.261478	4.25028e-09
0.264263	4.11857e-09
0.267078	3.99093e-09
0.269923	3.86725e-09
0.272799	3.7474e-09
0.275705	3.63944e-09
0.278642	3.52666e-09
0.281611	3.42506e-09
0.284611	3.32639e-09
0.287642	3.23056e-09
0.290707	3.14455e-09
0.293804	3.06083e-09
0.296933	2.97266e-09
0.300097	2.90003e-09
0.303294	2.82282e-09
0.306525	2.75386e-09
0.30979	2.68658e-09
0.31309	2.62094e-09
0.316426	2.56266e-09
0.319796	2.50568e-09
0.323203	2.45548e-09
0.326646	2.40629e-09
0.330126	2.36339e-09
0.333643	2.32125e-09
0.337197	2.285e-09
0.340789	2.25438e-09
0.34442	2.22417e-09
0.348089	2.20425e-09
0.351797	2.18943e-09
0.355545	2.17961e-09
0.359332	2.18452e-09
0.36316	2.19436e-09
0.367029	2.22417e-09
0.370939	2.27475e-09
0.374891	2.35808e-09
0.378884	2.51132e-09
0.382921	2.82918e-09
0.387	4.11857e-09
0.391122	2.96681e-05
0.395289	2.84913e-05
0.3995	2.73611e-05
0.403756	2.62758e-05
0.408057	2.52761e-05
0.412404	2.42735e-05
0.416798	2.33106e-05
0.421238	2.2386e-05
0.425725	2.1498e-05
0.43026	2.06452e-05
0.434844	1.98263e-05
0.439476	1.90398e-05
0.444158	1.82846e-05
0.44889	1.75593e-05
0.453672	1.68628e-05
0.458505	1.61939e-05
0.463389	1.55515e-05
0.468325	1.49346e-05
0.473315	1.43664e-05
0.478357	1.37966e-05
0.483453	1.32493e-05
0.488603	1.27237e-05
0.493808	1.2219e-05
0.499068	1.17541e-05
0.504385	1.12879e-05
0.509758	1.08401e-05
0.515189	1.04101e-05
0.520677	1.00141e-05
0.526224	9.61684e-06
0.53183	9.23537e-06
0.537495	8.884e-06
0.543221	8.5316e-06
0.549008	8.19317e-06
0.554857	7.88146e-06
0.560767	7.56882e-06
0.566741	7.28086e-06
0.572779	6.99205e-06
0.578881	6.72603e-06
0.585047	6.45923e-06
0.59128	6.21348e-06
0.597579	5.96701e-06
0.603945	5.73999e-06
0.610379	5.52161e-06
0.616881	5.30258e-06
0.623453	5.10084e-06
0.630094	4.90677e-06
0.636807	4.72009e-06
0.64359	4.53286e-06
0.650447	4.3604e-06
0.657376	4.1945e-06
0.664379	4.03492e-06
0.671456	3.88141e-06
0.678609	3.73374e-06
0.685839	3.59168e-06
0.693145	3.45503e-06
0.700529	3.32358e-06
0.707992	3.20253e-06
0.715534	3.08069e-06
0.723156	2.96348e-06
0.73086	2.85073e-06
0.738646	2.7469e-06
0.746515	2.64239e-06
0.754467	2.54615e-06
0.762505	2.44928e-06
0.770628	2.36007e-06
0.778837	2.27411e-06
0.787134	2.18759e-06
0.795519	2.10791e-06
0.803994	2.03114e-06
0.812559	1.95716e-06
0.821215	1.88587e-06
0.829964	1.81719e-06
0.838805	1.751e-06
0.847741	1.68722e-06
0.856772	1.62852e-06
0.865899	1.5692e-06
0.875123	1.5146e-06
0.884446	1.45943e-06
0.893868	1.40865e-06
0.90339	1.35964e-06
0.913014	1.31233e-06
0.922741	1.26666e-06
0.932571	1.22259e-06
0.942505	1.18005e-06
0.952546	1.14091e-06
0.962693	1.10121e-06
0.972949	1.06469e-06
0.983313	1.02937e-06
0.993789	9.93556e-07
1.00438	9.60603e-07
1.01508	9.30311e-07
1.02589	8.99455e-07
1.03682	8.69623e-07
1.04786	8.422e-07
1.05903	8.15641e-07
1.07031	7.8992e-07
1.08171	7.6501e-07
1.09323	7.40885e-07
1.10488	7.17522e-07
1.11665	6.96068e-07
1.12854	6.75255e-07
1.14057	6.55065e-07
1.15272	6.35478e-07
1.165	6.17518e-07
1.17741	6.00065e-07
1.18995	5.83105e-07
1.20263	5.66625e-07
1.21544	5.50611e-07
1.22839	5.35952e-07
1.24147	5.22564e-07
1.2547	5.08652e-07
1.26806	4.95598e-07
1.28157	4.83898e-07
1.29523	4.7181e-07
1.30902	4.61319e-07
1.32297	4.50428e-07
1.33706	4.41032e-07
1.35131	4.31832e-07
1.3657	4.22824e-07
1.38025	4.14586e-07
1.39495	4.0708e-07
1.40981	4.00273e-07
1.42483	3.93579e-07
1.44001	3.88086e-07
1.45535	3.8267e-07
1.47086	3.77861e-07
1.48653	3.74161e-07
1.50236	3.70499e-07
1.51837	3.67904e-07
1.53454	3.65842e-07
1.55089	3.64815e-07
1.56741	3.64815e-07
1.58411	3.65842e-07
1.60098	3.67904e-07
1.61804	3.7102e-07
1.63528	3.75742e-07
1.6527	3.8267e-07
1.6703	3.91923e-07
1.6881	4.03662e-07
1.70608	4.18685e-07
1.72425	4.3856e-07
1.74262	4.65226e-07
1.76119	5.01906e-07
1.77995	5.53015e-07
1.79891	6.31117e-07
1.81807	7.66193e-07
1.83744	1.08565e-06
1.83744	4.26494e-06
1.81807	5.78209e-06
1.79891	6.97242e-06
1.77995	8.07429e-06
1.76119	9.14753e-06
1.74262	1.02418e-05
1.72425	1.13515e-05
1.70608	1.24969e-05
1.6881	1.36884e-05
1.6703	1.4943e-05
1.6527	1.62577e-05
1.63528	1.76285e-05
1.61804	1.90827e-05
1.60098	2.0622e-05
1.58411	2.22855e-05
1.56741	2.40021e-05
1.55089	2.58509e-05
1.53454	2.77952e-05
1.51837	2.98857e-05
1.50236	3.21335e-05
1.48653	3.44921e-05
1.47086	3.70238e-05
1.45535	3.96744e-05
1.44001	4.25148e-05
1.42483	4.55585e-05
1.40981	4.88201e-05
1.39495	5.23152e-05
1.38025	5.59661e-05
1.3657	5.99728e-05
1.35131	6.4158e-05
1.33706	6.87512e-05
1.32297	7.35491e-05
1.30902	7.88146e-05
1.29523	8.43147e-05
1.28157	9.01987e-05
1.26806	9.66561e-05
1.2547	0.000103314
1.24147	0.000110773
1.22839	0.000118503
1.21544	0.000127059
1.20263	0.000135925
1.18995	0.000145738
1.17741	0.000155909
1.165	0.000167165
1.15272	0.000179233
1.14057	0.000192173
1.12854	0.000206046
1.11665	0.000220922
1.10488	0.000236871
1.09323	0.000253972
1.08171	0.000272307
1.07031	0.000291966
1.05903	0.000313044
1.04786	0.000335644
1.03682	0.000359876
1.02589	0.000386725
1.01508	0.000413713
1.00438	0.000444579
0.993789	0.000476675
0.983313	0.000511088
0.972949	0.000547986
0.962693	0.00058887
0.952546	0.000631383
0.942505	0.000678489
0.932571	0.00072911
0.922741	0.000785271
0.913014	0.000845758
0.90339	0.000910904
0.893868	0.000983277
0.884446	0.00106858
0.875123	0.00116391
0.865899	0.00123398
0.856772	0.00131122
0.847741	0.00139017
0.838805	0.00147386
0.829964	0.0015626
0.821215	0.00165668
0.812559	0.00175642
0.803994	0.00186217
0.795519	0.00196985
0.787134	0.00208845
0.778837	0.00220922
0.770628	0.00233697
0.762505	0.0024721
0.754467	0.00261505
0.746515	0.00276627
0.738646	0.00291966
0.73086	0.00308849
0.723156	0.00326708
0.715534	0.003456
0.707992	0.00365585
0.700529	0.00385856
0.693145	0.00408169
0.685839	0.00431771
0.678609	0.00455713
0.671456	0.00482065
0.664379	0.00509941
0.657376	0.00538217
0.650447	0.00569339
0.64359	0.00600909
0.636807	0.00635657
0.630094	0.00670904
0.623453	0.00709699
0.616881	0.00749052
0.610379	0.00792366
0.603945	0.00836302
0.597579	0.00884662
0.59128	0.00933716
0.585047	0.0098549
0.578881	0.0104014
0.572779	0.0109781
0.566741	0.0115868
0.560767	0.0122569
0.554857	0.0129365
0.549008	0.0136538
0.543221	0.0144109
0.537495	0.01521
0.53183	0.0160534
0.526224	0.0169817
0.520677	0.0179233
0.515189	0.0189171
0.509758	0.020011
0.504385	0.0211206
0.499068	0.022342
0.493808	0.0235808
0.488603	0.0249444
0.483453	0.0263275
0.478357	0.0278499
0.473315	0.0293942
0.468325	0.0310939
0.463389	0.032892
0.458505	0.034794
0.453672	0.0368059
0.44889	0.0389343
0.444158	0.0411857
0.439476	0.0435673
0.434844	0.0461903
0.43026	0.0488613
0.425725	0.0518031
0.421238	0.0547986
0.416798	0.0580979
0.412404	0.0615958
0.408057	0.0653042
0.403756	0.069236
0.3995	0.0734045
0.395289	0.077824
0.391122	0.0826952
0.387	0.205584
0.382921	0.224427
0.378884	0.240088
0.374891	0.256843
0.370939	0.27415
0.367029	0.291966
0.36316	0.310939
0.359332	0.331891
0.355545	0.35346
0.351797	0.377277
0.348089	0.401794
0.34442	0.428869
0.340789	0.457767
0.337197	0.489713
0.333643	0.522711
0.330126	0.559189
0.326646	0.598212
0.323203	0.639959
0.319796	0.684619
0.316426	0.734045
0.31309	0.787039
0.30979	0.845758
0.306525	0.908858
0.303294	0.976666
0.300097	1
0.296933	1
0.293804	1
0.290707	1
0.287642	1
0.284611	1
0.281611	1
0.278642	1
0.275705	1
0.272799	1
0.269923	1
0.267078	1
0.264263	1
0.261478	1
0.258721	1
0.255994	1
0.253296	1
0.250626	1
0.247984	1
0.24537	1
0.242784	1
0.240225	1
0.237693	1
0.235187	1
0.232708	1
0.230255	1
0.227828	1
0.225427	1
0.223051	1
0.2207	1
0.218373	1
0.216071	1
0.213794	1
0.21154	1
0.209311	1
0.207104	1
0.204921	1
0.202761	1
0.200624	1
0.198509	1
0.196417	1
0.194347	1
0.192298	1
0.190271	1
0.188265	1
0.186281	1
0.184317	1
0.182375	1
0.180452	1
0.17855	1
0.176668	1
0.174806	1
0.172963	1
0.17114	1
0.169336	1
0.167551	1
0.165785	1
0.164038	1
0.162309	1
0.160598	1
0.158905	1
0.15723	1
0.155573	1
0.153933	1
0.15231	1
0.150705	1
0.149116	1
0.147545	1
0.145989	1
0.144451	1
0.142928	1
0.141421	1
0.139931	1
0.138456	1
0.136996	1
0.135552	1
0.134123	1
0.13271	1
0.131311	1
0.129927	1
0.128557	1
0.127202	1
0.125861	1
0.124535	1
0.123222	1
0.121923	1
0.120638	1
0.119366	1
0.118108	1
0.116863	1
0.115631	1
0.114413	1
0.113207	1
0.112013	1
0.110833	1
0.109664	1
0.108508	1
0.107365	1
0.106233	1
0.105113	1
0.104005	1
0.102909	1
0.101824	1
0.100751	1
0.0996889	1
0.0986382	1
0.0975984	1
0.0965697	1
0.0955518	1
0.0945446	1
0.093548	1
0.092562	1
0.0915863	1
0.0906209	1
0.0896657	1
0.0887206	1
0.0877854	1
0.0868601	1
0.0859445	1
0.0850386	1
0.0841422	1
0.0832553	1
0.0823778	1
0.0815094	1
0.0806503	1
0.0798002	1
0.078959	1
0.0781267	1
0.0773032	1
0.0764884	1
0.0756821	1
0.0748844	1
0.0740951	1
0.0733141	1
0.0725413	1
0.0717766	1
0.0710201	1
0.0702715	1
0.0695308	1
0.0687979	1
0.0680727	1
0.0673551	1
0.0666452	1
0.0659427	1
0.0652476	1
0.0645599	1
0.0638794	1
0.063206	1
0.0625398	1
0.0618806	1
0.0612283	1
0.0605829	1
0.0599443	1
0.0593125	1
0.0586873	1
0.0580687	1
0.0574566	1
0.056851	1
0.0562517	1
0.0556588	1
0.0550721	1
0.0544916	1
0.0539172	1
0.0533489	1
0.0527866	1
0.0522302	1
0.0516796	1
0.0511349	1
0.0505959	1
0.0500626	1
0.0495349	1
0.0490127	1
0.0484961	1
0.0479849	1
0.0474791	1
0.0469787	1
0.0464835	1
0.0459935	1
0.0455087	1
0.045029	1
0.0445544	1
0.0440848	1
0.0436201	1
0.0431603	1
0.0427053	1
0.0422552	1
0.0418098	1
0.0413691	1
0.040933	1
0.0405016	1
0.0400747	1
0.0396522	1
0.0392343	1
0.0388207	1
0.0384115	1
0.0380066	1
0.037606	1
0.0372096	1
0.0368174	1
0.0364293	1
0.0360454	1
0.0356654	1
0.0352895	1
0.0349175	1
0.0345494	1
0.0341853	1
0.0338249	1
0.0334684	1
0.0331156	1
0.0327666	1
0.0324212	1
0.0320794	1
0.0317413	1
0.0314067	1
0.0310757	1
0.0307481	1
0.030424	1
0.0301033	1
0.029786	1
0.029472	1
0.0291614	1
0.028854	1
0.0285499	1
0.0282489	1
0.0279512	1
0.0276565	1
0.027365	1
0.0270766	1
0.0267912	1
0.0265088	1
0.0262293	1
0.0259529	1
0.0256793	1
0.0254086	1
0.0251408	1
0.0248758	1
0.0246136	1
0.0243542	1
0.0240974	1
0.0238434	1
0.0235921	1
0.0233434	1
0.0230974	1
0.0228539	1
0.022613	1
0.0223747	1
0.0221388	1
0.0219055	1
0.0216746	1
0.0214461	1
0.02122	1
0.0209964	1
0.0207751	1
0.0205561	1
0.0203394	1
0.020125	1
0.0199129	1
0.019703	1
0.0194953	1
0.0192898	1
0.0190865	1
0.0188853	1
0.0186862	1
0.0184893	1
0.0182944	1
0.0181015	1
0.0179107	1
0.0177219	1
0.0175351	1
0.0173503	1
0.0171674	1
0.0169865	1
0.0168074	1
0.0166303	1
0.016455	1
0.0162815	1
0.0161099	1
0.0159401	1
0.0157721	1
0.0156058	1
0.0154413	1
0.0152786	1
0.0151175	1
0.0149582	1
0.0148005	1
0.0146445	1
0.0144901	1
0.0143374	1
0.0141863	1
0.0140367	1
0.0138888	1
0.0137424	1
0.0135975	1
0.0134542	1
0.0133124	1
0.0131721	1
0.0130332	1
0.0128958	1
0.0127599	1
0.0126254	1
0.0124923	1
0.0123606	1
0.0122304	1
0.0121014	1
0.0119739	1
0.0118477	1
0.0117228	1
0.0115992	1
0.011477	1
0.011356	1
0.0112363	1
0.0111178	1
0.0110007	1
0.0108847	1
0.01077	1
0.0106564	1
0.0105441	1
0.010433	1
0.010323	1
0.0102142	1
0.0101065	1
0.01	1
0.01	1.39957e-05


