#Mass	Um	Ut	Events
0.01	0.000504239
0.0101065	0.00048315
0.0102142	0.000463985
0.010323	0.000444579
0.010433	0.000426944
0.0105441	0.000409088
0.0106564	0.000391978
0.01077	0.000376429
0.0108847	0.000360686
0.0110007	0.000346378
0.0111178	0.000331891
0.0112363	0.00031801
0.011356	0.000305396
0.011477	0.000292623
0.0115992	0.000281016
0.0117228	0.000269262
0.0118477	0.000258582
0.0119739	0.000247767
0.0121014	0.000237939
0.0122304	0.000227987
0.0123606	0.000218943
0.0124923	0.000209786
0.0126254	0.000201465
0.0127599	0.000193039
0.0128958	0.000185382
0.0130332	0.000177628
0.0131721	0.000170582
0.0133124	0.000163448
0.0134542	0.000156964
0.0135975	0.000150399
0.0137424	0.000144434
0.0138888	0.000138393
0.0140367	0.000132903
0.0141863	0.000127631
0.0143374	0.000122293
0.0144901	0.000117442
0.0146445	0.000112784
0.0148005	0.000108067
0.0149582	0.00010378
0.0151175	9.96633e-05
0.0152786	9.5495e-05
0.0154413	9.1707e-05
0.0156058	8.80692e-05
0.0157721	8.43858e-05
0.0159401	8.10385e-05
0.0161099	7.7824e-05
0.0162815	7.47369e-05
0.016455	7.17723e-05
0.0166303	6.87705e-05
0.0168074	6.60426e-05
0.0169865	6.34229e-05
0.0171674	6.09071e-05
0.0173503	5.84911e-05
0.0175351	5.61709e-05
0.0177219	5.39428e-05
0.0179107	5.18031e-05
0.0181015	4.97482e-05
0.0182944	4.77748e-05
0.0184893	4.58798e-05
0.0186862	4.40598e-05
0.0188853	4.23121e-05
0.0190865	4.06337e-05
0.0192898	3.90219e-05
0.0194953	3.75584e-05
0.019703	3.60686e-05
0.0199129	3.46378e-05
0.020125	3.32639e-05
0.0203394	3.20163e-05
0.0205561	3.07463e-05
0.0207751	2.95267e-05
0.0209964	2.84193e-05
0.02122	2.7292e-05
0.0214461	2.62684e-05
0.0216746	2.52264e-05
0.0219055	2.42803e-05
0.0221388	2.33697e-05
0.0223747	2.24932e-05
0.022613	2.16009e-05
0.0228539	2.07908e-05
0.0230974	2.0011e-05
0.0233434	1.92605e-05
0.0235921	1.85382e-05
0.0238434	1.78429e-05
0.0240974	1.72123e-05
0.0243542	1.65668e-05
0.0246136	1.59454e-05
0.0248758	1.5382e-05
0.0251408	1.48384e-05
0.0254086	1.42819e-05
0.0256793	1.37772e-05
0.0259529	1.32903e-05
0.0262293	1.28207e-05
0.0265088	1.23954e-05
0.0267912	1.19574e-05
0.0270766	1.15608e-05
0.027365	1.11774e-05
0.0276565	1.08067e-05
0.0279512	1.04482e-05
0.0282489	1.01244e-05
0.0285499	9.81068e-06
0.028854	9.52805e-06
0.0291614	9.23277e-06
0.029472	8.98697e-06
0.029786	8.72806e-06
0.0301033	8.51483e-06
0.030424	8.3068e-06
0.0307481	8.12209e-06
0.0310757	7.97729e-06
0.0314067	7.83507e-06
0.0317413	7.74747e-06
0.0320794	7.69539e-06
0.0324212	7.71271e-06
0.0327666	7.83507e-06
0.0331156	8.14038e-06
0.0334684	8.9065e-06
0.0338249	1.24793e-05
0.0341853	8.64991e-05
0.0345494	8.28814e-05
0.0349175	7.9415e-05
0.0352895	7.60935e-05
0.0356654	7.30751e-05
0.0360454	7.00188e-05
0.0364293	6.70904e-05
0.0368174	6.42844e-05
0.0372096	6.17344e-05
0.037606	5.91524e-05
0.0380066	5.66785e-05
0.0384115	5.44302e-05
0.0388207	5.21537e-05
0.0392343	4.99724e-05
0.0396522	4.78824e-05
0.0400747	4.5983e-05
0.0405016	4.40598e-05
0.040933	4.22171e-05
0.0413691	4.05425e-05
0.0418098	3.88468e-05
0.0422552	3.72221e-05
0.0427053	3.57456e-05
0.0431603	3.42506e-05
0.0436201	3.28181e-05
0.0440848	3.14455e-05
0.0445544	3.01982e-05
0.045029	2.89352e-05
0.0455087	2.7725e-05
0.0459935	2.66252e-05
0.0464835	2.55116e-05
0.0469787	2.44446e-05
0.0474791	2.3475e-05
0.0479849	2.24932e-05
0.0484961	2.15524e-05
0.0490127	2.06975e-05
0.0495349	1.98319e-05
0.0500626	1.90024e-05
0.0505959	1.82486e-05
0.0511349	1.74854e-05
0.0516796	1.67541e-05
0.0522302	1.60895e-05
0.0527866	1.54166e-05
0.0533489	1.48051e-05
0.0539172	1.41859e-05
0.0544916	1.35925e-05
0.0550721	1.30534e-05
0.0556588	1.25074e-05
0.0562517	1.19843e-05
0.056851	1.15089e-05
0.0574566	1.10276e-05
0.0580687	1.05902e-05
0.0586873	1.01472e-05
0.0593125	9.72284e-06
0.0599443	9.33716e-06
0.0605829	8.94664e-06
0.0612283	8.59176e-06
0.0618806	8.23242e-06
0.0625398	7.8881e-06
0.063206	7.57521e-06
0.0638794	7.25838e-06
0.0645599	6.97046e-06
0.0652476	6.67893e-06
0.0659427	6.414e-06
0.0666452	6.14574e-06
0.0673551	5.8887e-06
0.0680727	5.65511e-06
0.0687979	5.4186e-06
0.0695308	5.20366e-06
0.0702715	4.98602e-06
0.0710201	4.78824e-06
0.0717766	4.58798e-06
0.0725413	4.40598e-06
0.0733141	4.22171e-06
0.0740951	4.05425e-06
0.0748844	3.88468e-06
0.0756821	3.73059e-06
0.0764884	3.57456e-06
0.0773032	3.43277e-06
0.0781267	3.2892e-06
0.078959	3.15872e-06
0.0798002	3.02661e-06
0.0806503	2.90656e-06
0.0815094	2.78499e-06
0.0823778	2.67452e-06
0.0832553	2.56266e-06
0.0841422	2.46101e-06
0.0850386	2.36339e-06
0.0859445	2.26454e-06
0.0868601	2.17471e-06
0.0877854	2.08376e-06
0.0887206	2.0011e-06
0.0896657	1.92173e-06
0.0906209	1.84135e-06
0.0915863	1.76831e-06
0.092562	1.69435e-06
0.093548	1.62714e-06
0.0945446	1.5626e-06
0.0955518	1.49725e-06
0.0965697	1.43785e-06
0.0975984	1.38082e-06
0.0986382	1.32307e-06
0.0996889	1.27059e-06
0.100751	1.22019e-06
0.101824	1.17178e-06
0.102909	1.12278e-06
0.104005	1.07824e-06
0.105113	1.03547e-06
0.106233	9.94394e-07
0.107365	9.52805e-07
0.108508	9.1501e-07
0.109664	8.78714e-07
0.110833	8.43858e-07
0.112013	8.10385e-07
0.113207	7.7824e-07
0.114413	7.4569e-07
0.115631	7.16111e-07
0.116863	6.87705e-07
0.118108	6.60426e-07
0.119366	6.34229e-07
0.120638	6.09071e-07
0.121923	5.84911e-07
0.123222	5.61709e-07
0.124535	5.39428e-07
0.125861	5.18031e-07
0.127202	4.97482e-07
0.128557	4.77748e-07
0.129927	4.58798e-07
0.131311	4.40598e-07
0.13271	4.23121e-07
0.134123	4.06337e-07
0.135552	3.90219e-07
0.136996	3.75584e-07
0.138456	3.60686e-07
0.139931	3.46378e-07
0.141421	3.32639e-07
0.142928	3.19444e-07
0.144451	3.07463e-07
0.145989	2.95267e-07
0.147545	2.83555e-07
0.149116	2.7292e-07
0.150705	2.62094e-07
0.15231	2.51698e-07
0.153933	2.42258e-07
0.155573	2.32648e-07
0.15723	2.23922e-07
0.158905	2.1504e-07
0.160598	2.06975e-07
0.162309	1.98765e-07
0.164038	1.9131e-07
0.165785	1.83722e-07
0.167551	1.76831e-07
0.169336	1.70199e-07
0.17114	1.63448e-07
0.172963	1.57318e-07
0.174806	1.51417e-07
0.176668	1.45738e-07
0.17855	1.40273e-07
0.180452	1.35012e-07
0.182375	1.29948e-07
0.184317	1.25074e-07
0.186281	1.20383e-07
0.188265	1.15868e-07
0.190271	1.11523e-07
0.192298	1.0734e-07
0.194347	1.03314e-07
0.196417	9.94394e-08
0.198509	9.59254e-08
0.200624	9.31619e-08
0.202761	8.98697e-08
0.204921	8.64991e-08
0.207104	8.34424e-08
0.209311	8.03129e-08
0.21154	7.74747e-08
0.213794	7.47369e-08
0.216071	7.19339e-08
0.218373	6.93919e-08
0.2207	6.69397e-08
0.223051	6.45741e-08
0.225427	6.22922e-08
0.227828	6.00909e-08
0.230255	5.80979e-08
0.232708	5.60448e-08
0.235187	5.40642e-08
0.237693	5.22711e-08
0.240225	5.05374e-08
0.242784	4.87515e-08
0.24537	4.71346e-08
0.247984	4.55713e-08
0.250626	4.40598e-08
0.253296	4.25985e-08
0.255994	4.12784e-08
0.258721	3.99093e-08
0.261478	3.86725e-08
0.264263	3.73899e-08
0.267078	3.62311e-08
0.269923	3.51083e-08
0.272799	3.40969e-08
0.275705	3.30402e-08
0.278642	3.20613e-08
0.281611	3.11552e-08
0.284611	3.02746e-08
0.287642	2.9419e-08
0.290707	2.85875e-08
0.293804	2.78265e-08
0.296933	2.70856e-08
0.300097	2.64091e-08
0.303294	2.57494e-08
0.306525	2.51062e-08
0.30979	2.45203e-08
0.31309	2.39886e-08
0.316426	2.34684e-08
0.319796	2.29982e-08
0.323203	2.25755e-08
0.326646	2.21606e-08
0.330126	2.179e-08
0.333643	2.14617e-08
0.337197	2.12099e-08
0.340789	2.0961e-08
0.34442	2.0785e-08
0.348089	2.06801e-08
0.351797	2.06452e-08
0.355545	2.06801e-08
0.359332	2.082e-08
0.36316	2.11028e-08
0.367029	2.15706e-08
0.370939	2.23106e-08
0.374891	2.34684e-08
0.378884	2.54043e-08
0.382921	2.93199e-08
0.387	4.4696e-08
0.391122	0.000258182
0.395289	0.00024822
0.3995	0.000238173
0.403756	0.000228532
0.408057	0.000219714
0.412404	0.000210821
0.416798	0.000202686
0.421238	0.000194482
0.425725	0.000186978
0.43026	0.000179409
0.434844	0.000172487
0.439476	0.000165505
0.444158	0.000159119
0.44889	0.000152979
0.453672	0.000146787
0.458505	0.000141123
0.463389	0.000135411
0.468325	0.000130186
0.473315	0.000125162
0.478357	0.000120096
0.483453	0.000115462
0.488603	0.000111007
0.493808	0.000106566
0.499068	0.000102555
0.504385	9.84106e-05
0.509758	9.46665e-05
0.515189	9.09114e-05
0.520677	8.74525e-05
0.526224	8.39836e-05
0.53183	8.07883e-05
0.537495	7.77147e-05
0.543221	7.4632e-05
0.549008	7.17925e-05
0.554857	6.90611e-05
0.560767	6.63216e-05
0.566741	6.37984e-05
0.572779	6.13711e-05
0.578881	5.90362e-05
0.585047	5.67901e-05
0.59128	5.46294e-05
0.597579	5.2551e-05
0.603945	5.05517e-05
0.610379	4.86284e-05
0.616881	4.67782e-05
0.623453	4.49985e-05
0.630094	4.32865e-05
0.636807	4.17099e-05
0.64359	4.0123e-05
0.650447	3.85965e-05
0.657376	3.71907e-05
0.664379	3.57758e-05
0.671456	3.44727e-05
0.678609	3.32171e-05
0.685839	3.19534e-05
0.693145	3.07895e-05
0.700529	2.96681e-05
0.707992	2.85875e-05
0.715534	2.75463e-05
0.723156	2.6543e-05
0.73086	2.55763e-05
0.738646	2.46447e-05
0.746515	2.37872e-05
0.754467	2.29208e-05
0.762505	2.21232e-05
0.770628	2.13175e-05
0.778837	2.05757e-05
0.787134	1.98597e-05
0.795519	1.91687e-05
0.803994	1.85017e-05
0.812559	1.78579e-05
0.821215	1.72365e-05
0.829964	1.66649e-05
0.838805	1.61121e-05
0.847741	1.55515e-05
0.856772	1.50357e-05
0.865899	1.4537e-05
0.875123	1.40786e-05
0.884446	1.36576e-05
0.893868	1.32493e-05
0.90339	1.28531e-05
0.913014	1.24688e-05
0.922741	1.2096e-05
0.932571	1.17541e-05
0.942505	1.14219e-05
0.952546	1.10991e-05
0.962693	1.07854e-05
0.972949	1.04806e-05
0.983313	1.02016e-05
0.993789	9.92998e-06
1.00438	9.68193e-06
1.01508	9.42417e-06
1.02589	9.20427e-06
1.03682	8.97435e-06
1.04786	8.76494e-06
1.05903	8.57427e-06
1.07031	8.40367e-06
1.08171	8.23647e-06
1.09323	8.08508e-06
1.10488	7.93648e-06
1.11665	7.81473e-06
1.12854	7.70675e-06
1.14057	7.60027e-06
1.15272	7.51846e-06
1.165	7.46057e-06
1.17741	7.40313e-06
1.18995	7.38027e-06
1.20263	7.38027e-06
1.21544	7.41458e-06
1.22839	7.49525e-06
1.24147	7.61203e-06
1.2547	7.82682e-06
1.26806	8.17305e-06
1.28157	8.85719e-06
1.28157	1.40016e-05
1.26806	1.67376e-05
1.2547	1.93174e-05
1.24147	2.19221e-05
1.22839	2.4669e-05
1.21544	2.75657e-05
1.20263	3.06299e-05
1.18995	3.39391e-05
1.17741	3.75004e-05
1.165	4.1319e-05
1.15272	4.54626e-05
1.14057	4.98812e-05
1.12854	5.46525e-05
1.11665	5.98801e-05
1.10488	6.54237e-05
1.09323	7.14804e-05
1.08171	7.79882e-05
1.07031	8.4969e-05
1.05903	9.24446e-05
1.04786	0.000100564
1.03682	0.000109288
1.02589	0.000118503
1.01508	0.000128207
1.00438	0.000139017
0.993789	0.000150399
0.983313	0.000162714
0.972949	0.000176038
0.962693	0.000190452
0.952546	0.000206046
0.942505	0.000222918
0.932571	0.000241171
0.922741	0.000261505
0.913014	0.000282918
0.90339	0.000306772
0.893868	0.000333387
0.884446	0.000363944
0.875123	0.000397302
0.865899	0.000424074
0.856772	0.000452649
0.847741	0.00048315
0.838805	0.000515706
0.829964	0.000550456
0.821215	0.000586228
0.812559	0.000624324
0.803994	0.000664896
0.795519	0.000708105
0.787134	0.000752428
0.778837	0.000799525
0.770628	0.00084957
0.762505	0.000902748
0.754467	0.000957099
0.746515	0.00101701
0.738646	0.00107824
0.73086	0.00114573
0.723156	0.00121471
0.715534	0.00128784
0.707992	0.00136538
0.700529	0.00145085
0.693145	0.0015382
0.685839	0.00163081
0.678609	0.00172899
0.671456	0.00182897
0.664379	0.00193909
0.657376	0.00205584
0.650447	0.00217961
0.64359	0.00230565
0.636807	0.00244446
0.630094	0.00259164
0.623453	0.0027415
0.616881	0.00290656
0.610379	0.00307463
0.603945	0.00325242
0.597579	0.00344824
0.59128	0.00364764
0.585047	0.00385856
0.578881	0.00408169
0.572779	0.00431771
0.566741	0.00456739
0.560767	0.0048315
0.554857	0.00511088
0.549008	0.00540642
0.543221	0.00571905
0.537495	0.00604976
0.53183	0.00639959
0.526224	0.00676965
0.520677	0.00716111
0.515189	0.00757521
0.509758	0.00801325
0.504385	0.00847662
0.499068	0.00896426
0.493808	0.0094773
0.488603	0.0100338
0.483453	0.010614
0.478357	0.011253
0.473315	0.0119037
0.468325	0.0125921
0.463389	0.0133502
0.458505	0.0141222
0.453672	0.0149388
0.44889	0.0158382
0.444158	0.0167918
0.439476	0.0177628
0.434844	0.0188323
0.43026	0.0199661
0.425725	0.0211682
0.421238	0.0224427
0.416798	0.0237939
0.412404	0.0252264
0.408057	0.0268054
0.403756	0.0284193
0.3995	0.0301982
0.395289	0.0320163
0.391122	0.0340203
0.387	0.117972
0.382921	0.129948
0.378884	0.139643
0.374891	0.149388
0.370939	0.159454
0.367029	0.170199
0.36316	0.18126
0.359332	0.193473
0.355545	0.206046
0.351797	0.219436
0.348089	0.233697
0.34442	0.249444
0.340789	0.265654
0.337197	0.283555
0.333643	0.302661
0.330126	0.32233
0.326646	0.344824
0.323203	0.368059
0.319796	0.39286
0.316426	0.420277
0.31309	0.449606
0.30979	0.480982
0.306525	0.515706
0.303294	0.552937
0.300097	0.592856
0.296933	0.635657
0.293804	0.683082
0.290707	0.735697
0.287642	0.790586
0.284611	0.853399
0.281611	0.919134
0.278642	0.992161
0.275705	1
0.272799	1
0.269923	1
0.267078	1
0.264263	1
0.261478	1
0.258721	1
0.255994	1
0.253296	1
0.250626	1
0.247984	1
0.24537	1
0.242784	1
0.240225	1
0.237693	1
0.235187	1
0.232708	1
0.230255	1
0.227828	1
0.225427	1
0.223051	1
0.2207	1
0.218373	1
0.216071	1
0.213794	1
0.21154	1
0.209311	1
0.207104	1
0.204921	1
0.202761	1
0.200624	1
0.198509	1
0.196417	1
0.194347	1
0.192298	1
0.190271	1
0.188265	1
0.186281	1
0.184317	1
0.182375	1
0.180452	1
0.17855	1
0.176668	1
0.174806	1
0.172963	1
0.17114	1
0.169336	1
0.167551	1
0.165785	1
0.164038	1
0.162309	1
0.160598	1
0.158905	1
0.15723	1
0.155573	1
0.153933	1
0.15231	1
0.150705	1
0.149116	1
0.147545	1
0.145989	1
0.144451	1
0.142928	1
0.141421	1
0.139931	1
0.138456	1
0.136996	1
0.135552	1
0.134123	1
0.13271	1
0.131311	1
0.129927	1
0.128557	1
0.127202	1
0.125861	1
0.124535	1
0.123222	1
0.121923	1
0.120638	1
0.119366	1
0.118108	1
0.116863	1
0.115631	1
0.114413	1
0.113207	1
0.112013	1
0.110833	1
0.109664	1
0.108508	1
0.107365	1
0.106233	1
0.105113	1
0.104005	1
0.102909	1
0.101824	1
0.100751	1
0.0996889	1
0.0986382	1
0.0975984	1
0.0965697	1
0.0955518	1
0.0945446	1
0.093548	1
0.092562	1
0.0915863	1
0.0906209	1
0.0896657	1
0.0887206	1
0.0877854	1
0.0868601	1
0.0859445	1
0.0850386	1
0.0841422	1
0.0832553	1
0.0823778	1
0.0815094	1
0.0806503	1
0.0798002	1
0.078959	1
0.0781267	1
0.0773032	1
0.0764884	1
0.0756821	1
0.0748844	1
0.0740951	1
0.0733141	1
0.0725413	1
0.0717766	1
0.0710201	1
0.0702715	1
0.0695308	1
0.0687979	1
0.0680727	1
0.0673551	1
0.0666452	1
0.0659427	1
0.0652476	1
0.0645599	1
0.0638794	1
0.063206	1
0.0625398	1
0.0618806	1
0.0612283	1
0.0605829	1
0.0599443	1
0.0593125	1
0.0586873	1
0.0580687	1
0.0574566	1
0.056851	1
0.0562517	1
0.0556588	1
0.0550721	1
0.0544916	1
0.0539172	1
0.0533489	1
0.0527866	1
0.0522302	1
0.0516796	1
0.0511349	1
0.0505959	1
0.0500626	1
0.0495349	1
0.0490127	1
0.0484961	1
0.0479849	1
0.0474791	1
0.0469787	1
0.0464835	1
0.0459935	1
0.0455087	1
0.045029	1
0.0445544	1
0.0440848	1
0.0436201	1
0.0431603	1
0.0427053	1
0.0422552	1
0.0418098	1
0.0413691	1
0.040933	1
0.0405016	1
0.0400747	1
0.0396522	1
0.0392343	1
0.0388207	1
0.0384115	1
0.0380066	1
0.037606	1
0.0372096	1
0.0368174	1
0.0364293	1
0.0360454	1
0.0356654	1
0.0352895	1
0.0349175	1
0.0345494	1
0.0341853	1
0.0338249	1
0.0334684	1
0.0331156	1
0.0327666	1
0.0324212	1
0.0320794	1
0.0317413	1
0.0314067	1
0.0310757	1
0.0307481	1
0.030424	1
0.0301033	1
0.029786	1
0.029472	1
0.0291614	1
0.028854	1
0.0285499	1
0.0282489	1
0.0279512	1
0.0276565	1
0.027365	1
0.0270766	1
0.0267912	1
0.0265088	1
0.0262293	1
0.0259529	1
0.0256793	1
0.0254086	1
0.0251408	1
0.0248758	1
0.0246136	1
0.0243542	1
0.0240974	1
0.0238434	1
0.0235921	1
0.0233434	1
0.0230974	1
0.0228539	1
0.022613	1
0.0223747	1
0.0221388	1
0.0219055	1
0.0216746	1
0.0214461	1
0.02122	1
0.0209964	1
0.0207751	1
0.0205561	1
0.0203394	1
0.020125	1
0.0199129	1
0.019703	1
0.0194953	1
0.0192898	1
0.0190865	1
0.0188853	1
0.0186862	1
0.0184893	1
0.0182944	1
0.0181015	1
0.0179107	1
0.0177219	1
0.0175351	1
0.0173503	1
0.0171674	1
0.0169865	1
0.0168074	1
0.0166303	1
0.016455	1
0.0162815	1
0.0161099	1
0.0159401	1
0.0157721	1
0.0156058	1
0.0154413	1
0.0152786	1
0.0151175	1
0.0149582	1
0.0148005	1
0.0146445	1
0.0144901	1
0.0143374	1
0.0141863	1
0.0140367	1
0.0138888	1
0.0137424	1
0.0135975	1
0.0134542	1
0.0133124	1
0.0131721	1
0.0130332	1
0.0128958	1
0.0127599	1
0.0126254	1
0.0124923	1
0.0123606	1
0.0122304	1
0.0121014	1
0.0119739	1
0.0118477	1
0.0117228	1
0.0115992	1
0.011477	1
0.011356	1
0.0112363	1
0.0111178	1
0.0110007	1
0.0108847	1
0.01077	1
0.0106564	1
0.0105441	1
0.010433	1
0.010323	1
0.0102142	1
0.0101065	1
0.01	1
0.01	0.000504239


