#Mass	Um	Events
0.01	0.000154513
0.0101065	0.000149725
0.0102142	0.000145085
0.010323	0.000140273
0.010433	0.000135925
0.0105441	0.000131713
0.0106564	0.000127631
0.01077	0.000123676
0.0108847	0.000119843
0.0110007	0.000116129
0.0111178	0.00011253
0.0112363	0.000109043
0.011356	0.000105664
0.011477	0.000102389
0.0115992	9.89932e-05
0.0117228	9.59254e-05
0.0118477	9.29526e-05
0.0119739	9.0072e-05
0.0121014	8.72806e-05
0.0122304	8.45758e-05
0.0123606	8.19548e-05
0.0124923	7.9415e-05
0.0126254	7.69539e-05
0.0127599	7.4569e-05
0.0128958	7.22581e-05
0.0130332	7.00188e-05
0.0131721	6.78489e-05
0.0133124	6.57463e-05
0.0134542	6.37088e-05
0.0135975	6.17344e-05
0.0137424	5.98212e-05
0.0138888	5.79674e-05
0.0140367	5.61709e-05
0.0141863	5.44302e-05
0.0143374	5.27434e-05
0.0144901	5.11088e-05
0.0146445	4.9525e-05
0.0148005	4.79902e-05
0.0149582	4.65029e-05
0.0151175	4.50618e-05
0.0152786	4.36653e-05
0.0154413	4.23121e-05
0.0156058	4.10009e-05
0.0157721	3.97302e-05
0.0159401	3.8499e-05
0.0161099	3.73059e-05
0.0162815	3.61498e-05
0.016455	3.50295e-05
0.0166303	3.39439e-05
0.0168074	3.2892e-05
0.0169865	3.19444e-05
0.0171674	3.09544e-05
0.0173503	2.99951e-05
0.0175351	2.90656e-05
0.0177219	2.81648e-05
0.0179107	2.7292e-05
0.0181015	2.65057e-05
0.0182944	2.56843e-05
0.0184893	2.48883e-05
0.0186862	2.41171e-05
0.0188853	2.34223e-05
0.0190865	2.26964e-05
0.0192898	2.1993e-05
0.0194953	2.13594e-05
0.019703	2.06975e-05
0.0199129	2.01012e-05
0.020125	1.94783e-05
0.0203394	1.88746e-05
0.0205561	1.83309e-05
0.0207751	1.77628e-05
0.0209964	1.72511e-05
0.02122	1.67541e-05
0.0214461	1.62349e-05
0.0216746	1.57672e-05
0.0219055	1.53129e-05
0.0221388	1.48718e-05
0.0223747	1.44109e-05
0.022613	1.39957e-05
0.0228539	1.35925e-05
0.0230974	1.3201e-05
0.0233434	1.28207e-05
0.0235921	1.24513e-05
0.0238434	1.21198e-05
0.0240974	1.17707e-05
0.0243542	1.14316e-05
0.0246136	1.11272e-05
0.0248758	1.08067e-05
0.0251408	1.0519e-05
0.0254086	1.02389e-05
0.0256793	9.96633e-06
0.0259529	9.701e-06
0.0262293	9.44273e-06
0.0265088	9.19134e-06
0.0267912	8.96678e-06
0.0270766	8.74771e-06
0.027365	8.53399e-06
0.0276565	8.3255e-06
0.0279512	8.14038e-06
0.0282489	7.9415e-06
0.0285499	7.7824e-06
0.028854	7.60935e-06
0.0291614	7.4569e-06
0.029472	7.32396e-06
0.029786	7.19339e-06
0.0301033	7.08105e-06
0.030424	6.97046e-06
0.0307481	6.89253e-06
0.0310757	6.83082e-06
0.0314067	6.80017e-06
0.0317413	6.78489e-06
0.0320794	6.83082e-06
0.0324212	6.9236e-06
0.0327666	7.11297e-06
0.0331156	7.50738e-06
0.0334684	8.3255e-06
0.0338249	1.17442e-05
0.0341853	3.78977e-05
0.0345494	3.67233e-05
0.0349175	3.55053e-05
0.0352895	3.4405e-05
0.0356654	3.32639e-05
0.0360454	3.2233e-05
0.0364293	3.11639e-05
0.0368174	3.01982e-05
0.0372096	2.91966e-05
0.037606	2.82918e-05
0.0380066	2.73534e-05
0.0384115	2.64462e-05
0.0388207	2.56266e-05
0.0392343	2.47767e-05
0.0396522	2.40088e-05
0.0400747	2.32125e-05
0.0405016	2.24427e-05
0.040933	2.17471e-05
0.0413691	2.10259e-05
0.0418098	2.03285e-05
0.0422552	1.96985e-05
0.0427053	1.90452e-05
0.0431603	1.84135e-05
0.0436201	1.78429e-05
0.0440848	1.72511e-05
0.0445544	1.66789e-05
0.045029	1.6162e-05
0.0455087	1.5626e-05
0.0459935	1.51077e-05
0.0464835	1.46067e-05
0.0469787	1.4154e-05
0.0474791	1.36845e-05
0.0479849	1.32307e-05
0.0484961	1.27919e-05
0.0490127	1.23676e-05
0.0495349	1.19843e-05
0.0500626	1.15868e-05
0.0505959	1.12025e-05
0.0511349	1.0831e-05
0.0516796	1.04718e-05
0.0522302	1.01244e-05
0.0527866	9.78865e-06
0.0533489	9.46399e-06
0.0539172	9.1707e-06
0.0544916	8.86653e-06
0.0550721	8.57246e-06
0.0556588	8.28814e-06
0.0562517	8.01325e-06
0.056851	7.74747e-06
0.0574566	7.49052e-06
0.0580687	7.24208e-06
0.0586873	6.98616e-06
0.0593125	6.75445e-06
0.0599443	6.53042e-06
0.0605829	6.31383e-06
0.0612283	6.10442e-06
0.0618806	5.90196e-06
0.0625398	5.70621e-06
0.063206	5.51695e-06
0.0638794	5.32199e-06
0.0645599	5.14548e-06
0.0652476	4.97482e-06
0.0659427	4.80982e-06
0.0666452	4.63985e-06
0.0673551	4.48596e-06
0.0680727	4.33718e-06
0.0687979	4.19333e-06
0.0695308	4.04514e-06
0.0702715	3.91098e-06
0.0710201	3.78126e-06
0.0717766	3.64764e-06
0.0725413	3.52666e-06
0.0733141	3.40203e-06
0.0740951	3.2892e-06
0.0748844	3.17296e-06
0.0756821	3.06772e-06
0.0764884	2.96598e-06
0.0773032	2.86117e-06
0.0781267	2.76627e-06
0.078959	2.66851e-06
0.0798002	2.57421e-06
0.0806503	2.48883e-06
0.0815094	2.40088e-06
0.0823778	2.32125e-06
0.0832553	2.23922e-06
0.0841422	2.16009e-06
0.0850386	2.08845e-06
0.0859445	2.01465e-06
0.0868601	1.94345e-06
0.0877854	1.879e-06
0.0887206	1.8126e-06
0.0896657	1.74854e-06
0.0906209	1.68675e-06
0.0915863	1.63081e-06
0.092562	1.57318e-06
0.093548	1.51758e-06
0.0945446	1.46395e-06
0.0955518	1.41222e-06
0.0965697	1.36231e-06
0.0975984	1.31417e-06
0.0986382	1.27059e-06
0.0996889	1.22569e-06
0.100751	1.18237e-06
0.101824	1.14059e-06
0.102909	1.10028e-06
0.104005	1.0614e-06
0.105113	1.02389e-06
0.106233	9.87709e-07
0.107365	9.52805e-07
0.108508	9.19134e-07
0.109664	8.86653e-07
0.110833	8.55321e-07
0.112013	8.25095e-07
0.113207	7.95937e-07
0.114413	7.6781e-07
0.115631	7.39013e-07
0.116863	7.12898e-07
0.118108	6.87705e-07
0.119366	6.63403e-07
0.120638	6.39959e-07
0.121923	6.17344e-07
0.123222	5.95528e-07
0.124535	5.73193e-07
0.125861	5.52937e-07
0.127202	5.33397e-07
0.128557	5.14548e-07
0.129927	4.96365e-07
0.131311	4.77748e-07
0.13271	4.60866e-07
0.134123	4.44579e-07
0.135552	4.28869e-07
0.136996	4.12784e-07
0.138456	3.98197e-07
0.139931	3.84125e-07
0.141421	3.70551e-07
0.142928	3.56653e-07
0.144451	3.4405e-07
0.145989	3.31891e-07
0.147545	3.20163e-07
0.149116	3.08155e-07
0.150705	2.97266e-07
0.15231	2.86761e-07
0.153933	2.76627e-07
0.155573	2.66252e-07
0.15723	2.56843e-07
0.158905	2.47767e-07
0.160598	2.39011e-07
0.162309	2.30047e-07
0.164038	2.21917e-07
0.165785	2.14075e-07
0.167551	2.0651e-07
0.169336	1.99212e-07
0.17114	1.91741e-07
0.172963	1.84965e-07
0.174806	1.78429e-07
0.176668	1.72123e-07
0.17855	1.66041e-07
0.180452	1.60173e-07
0.182375	1.54513e-07
0.184317	1.49053e-07
0.186281	1.43785e-07
0.188265	1.38704e-07
0.190271	1.33803e-07
0.192298	1.29074e-07
0.194347	1.24513e-07
0.196417	1.20113e-07
0.198509	1.15868e-07
0.200624	1.12784e-07
0.202761	1.09043e-07
0.204921	1.0519e-07
0.207104	1.01472e-07
0.209311	9.78865e-08
0.21154	9.46399e-08
0.213794	9.12955e-08
0.216071	8.80692e-08
0.218373	8.51483e-08
0.2207	8.21393e-08
0.223051	7.9415e-08
0.225427	7.66086e-08
0.227828	7.40677e-08
0.230255	7.16111e-08
0.232708	6.9236e-08
0.235187	6.67893e-08
0.237693	6.45741e-08
0.240225	6.24324e-08
0.242784	6.04976e-08
0.24537	5.84911e-08
0.247984	5.65511e-08
0.250626	5.46755e-08
0.253296	5.29811e-08
0.255994	5.12239e-08
0.258721	4.96365e-08
0.261478	4.80982e-08
0.264263	4.66076e-08
0.267078	4.51632e-08
0.269923	4.37636e-08
0.272799	4.25028e-08
0.275705	4.11857e-08
0.278642	3.99992e-08
0.281611	3.88468e-08
0.284611	3.77277e-08
0.287642	3.66408e-08
0.290707	3.55852e-08
0.293804	3.46378e-08
0.296933	3.37252e-08
0.300097	3.28273e-08
0.303294	3.19534e-08
0.306525	3.11552e-08
0.30979	3.04282e-08
0.31309	2.97182e-08
0.316426	2.90248e-08
0.319796	2.83953e-08
0.323203	2.77796e-08
0.326646	2.7269e-08
0.330126	2.67678e-08
0.333643	2.62758e-08
0.337197	2.588e-08
0.340789	2.55332e-08
0.34442	2.5191e-08
0.348089	2.49795e-08
0.351797	2.48115e-08
0.355545	2.46863e-08
0.359332	2.4728e-08
0.36316	2.48534e-08
0.367029	2.5191e-08
0.370939	2.57494e-08
0.374891	2.67227e-08
0.378884	2.84433e-08
0.382921	3.20613e-08
0.387	4.66994e-08
0.391122	0.000350935
0.395289	0.000337394
0.3995	0.000324375
0.403756	0.000311245
0.408057	0.000299236
0.412404	0.000287689
0.416798	0.000276588
0.421238	0.000265915
0.425725	0.000255655
0.43026	0.000245307
0.434844	0.000235841
0.439476	0.000226741
0.444158	0.000217992
0.44889	0.00020958
0.453672	0.000201493
0.458505	0.000193718
0.463389	0.000186243
0.468325	0.000178705
0.473315	0.000171809
0.478357	0.00016518
0.483453	0.000158806
0.488603	0.000152678
0.493808	0.000146787
0.499068	0.000141123
0.504385	0.000135677
0.509758	0.000130442
0.515189	0.000125409
0.520677	0.000120807
0.526224	0.000116121
0.53183	0.000111546
0.537495	0.000107348
0.543221	0.000103307
0.549008	9.9244e-05
0.554857	9.54681e-05
0.560767	9.18359e-05
0.566741	8.8342e-05
0.572779	8.49809e-05
0.578881	8.17477e-05
0.585047	7.86375e-05
0.59128	7.56457e-05
0.597579	7.28905e-05
0.603945	7.01173e-05
0.610379	6.74496e-05
0.616881	6.49929e-05
0.623453	6.25202e-05
0.630094	6.01416e-05
0.636807	5.79511e-05
0.64359	5.57463e-05
0.650447	5.37159e-05
0.657376	5.16722e-05
0.664379	4.97902e-05
0.671456	4.79767e-05
0.678609	4.62293e-05
0.685839	4.45455e-05
0.693145	4.28507e-05
0.700529	4.129e-05
0.707992	3.97861e-05
0.715534	3.84017e-05
0.723156	3.7003e-05
0.73086	3.56553e-05
0.738646	3.43566e-05
0.746515	3.31612e-05
0.754467	3.19534e-05
0.762505	3.08415e-05
0.770628	2.97182e-05
0.778837	2.86841e-05
0.787134	2.7686e-05
0.795519	2.67227e-05
0.803994	2.57928e-05
0.812559	2.48953e-05
0.821215	2.40696e-05
0.829964	2.32321e-05
0.838805	2.24616e-05
0.847741	2.17166e-05
0.856772	2.09963e-05
0.865899	2.03e-05
0.875123	1.96267e-05
0.884446	1.90398e-05
0.893868	1.85017e-05
0.90339	1.79485e-05
0.913014	1.74412e-05
0.922741	1.69483e-05
0.932571	1.64415e-05
0.942505	1.60038e-05
0.952546	1.55515e-05
0.962693	1.5112e-05
0.972949	1.47097e-05
0.983313	1.4318e-05
0.993789	1.39604e-05
1.00438	1.36117e-05
1.01508	1.32716e-05
1.02589	1.29401e-05
1.03682	1.26382e-05
1.04786	1.23641e-05
1.05903	1.2096e-05
1.07031	1.18537e-05
1.08171	1.16162e-05
1.09323	1.14143e-05
1.10488	1.12132e-05
1.11665	1.10334e-05
1.12854	1.08741e-05
1.14057	1.07344e-05
1.15272	1.06308e-05
1.165	1.05282e-05
1.17741	1.04604e-05
1.18995	1.04266e-05
1.20263	1.04266e-05
1.21544	1.04773e-05
1.22839	1.05794e-05
1.24147	1.07474e-05
1.2547	1.10402e-05
1.26806	1.15399e-05
1.28157	1.2509e-05
1.28157	1.9382e-05
1.26806	2.31482e-05
1.2547	2.66673e-05
1.24147	3.02332e-05
1.22839	3.39654e-05
1.21544	3.78685e-05
1.20263	4.2007e-05
1.18995	4.64801e-05
1.17741	5.12995e-05
1.165	5.64043e-05
1.15272	6.2017e-05
1.14057	6.793e-05
1.12854	7.44068e-05
1.11665	8.13981e-05
1.10488	8.89337e-05
1.09323	9.71669e-05
1.08171	0.000105902
1.07031	0.000115348
1.05903	0.000125638
1.04786	0.000136845
1.03682	0.000148718
1.02589	0.00016162
1.01508	0.000175248
1.00438	0.000190024
0.993789	0.00020651
0.983313	0.000223922
0.972949	0.000242803
0.962693	0.000263275
0.952546	0.000285474
0.942505	0.000309544
0.932571	0.0003364
0.922741	0.000365585
0.913014	0.000397302
0.90339	0.000431771
0.893868	0.000471346
0.884446	0.000518031
0.875123	0.000569339
0.865899	0.000606338
0.856772	0.000647195
0.847741	0.000689253
0.838805	0.000734045
0.829964	0.000781747
0.821215	0.00083255
0.812559	0.000886653
0.803994	0.000942152
0.795519	0.00100112
0.787134	0.00106379
0.778837	0.00113038
0.770628	0.00120113
0.762505	0.00127345
0.754467	0.00135012
0.746515	0.00143462
0.738646	0.001521
0.73086	0.00161257
0.723156	0.00170966
0.715534	0.0018126
0.707992	0.00192173
0.700529	0.00203743
0.693145	0.00216009
0.685839	0.00229015
0.678609	0.00242803
0.671456	0.00257421
0.664379	0.00272307
0.657376	0.00288702
0.650447	0.00306083
0.64359	0.00323783
0.636807	0.00343277
0.630094	0.00363944
0.623453	0.0038499
0.616881	0.00408169
0.610379	0.00431771
0.603945	0.00457767
0.597579	0.00484238
0.59128	0.00512239
0.585047	0.00543079
0.578881	0.00574483
0.572779	0.00607703
0.566741	0.00642844
0.560767	0.00680017
0.554857	0.00719339
0.549008	0.00760935
0.543221	0.0080471
0.537495	0.00850765
0.53183	0.00900973
0.526224	0.00952537
0.520677	0.010079
0.515189	0.0106618
0.509758	0.0113038
0.504385	0.0119574
0.499068	0.0126488
0.493808	0.0133803
0.488603	0.0141859
0.483453	0.0150062
0.478357	0.0159096
0.473315	0.0168296
0.468325	0.0178429
0.463389	0.0189171
0.458505	0.020011
0.453672	0.0212158
0.44889	0.0224932
0.444158	0.0238474
0.439476	0.0252832
0.434844	0.0268054
0.43026	0.0284193
0.425725	0.0301982
0.421238	0.0320163
0.416798	0.0340203
0.412404	0.0361498
0.408057	0.0384125
0.403756	0.0408169
0.3995	0.0433718
0.395289	0.0460866
0.391122	0.0489713
0.387	0.172511
0.382921	0.188746
0.378884	0.202828
0.374891	0.216983
0.370939	0.231604
0.367029	0.24721
0.36316	0.263868
0.359332	0.281648
0.355545	0.300627
0.351797	0.320163
0.348089	0.341737
0.34442	0.364764
0.340789	0.390219
0.337197	0.416513
0.333643	0.44558
0.330126	0.476675
0.326646	0.509941
0.323203	0.545527
0.319796	0.584911
0.316426	0.627138
0.31309	0.672414
0.30979	0.722581
0.306525	0.776492
0.303294	0.836302
0.300097	0.90072
0.296933	0.9701
0.293804	1
0.290707	1
0.287642	1
0.284611	1
0.281611	1
0.278642	1
0.275705	1
0.272799	1
0.269923	1
0.267078	1
0.264263	1
0.261478	1
0.258721	1
0.255994	1
0.253296	1
0.250626	1
0.247984	1
0.24537	1
0.242784	1
0.240225	1
0.237693	1
0.235187	1
0.232708	1
0.230255	1
0.227828	1
0.225427	1
0.223051	1
0.2207	1
0.218373	1
0.216071	1
0.213794	1
0.21154	1
0.209311	1
0.207104	1
0.204921	1
0.202761	1
0.200624	1
0.198509	1
0.196417	1
0.194347	1
0.192298	1
0.190271	1
0.188265	1
0.186281	1
0.184317	1
0.182375	1
0.180452	1
0.17855	1
0.176668	1
0.174806	1
0.172963	1
0.17114	1
0.169336	1
0.167551	1
0.165785	1
0.164038	1
0.162309	1
0.160598	1
0.158905	1
0.15723	1
0.155573	1
0.153933	1
0.15231	1
0.150705	1
0.149116	1
0.147545	1
0.145989	1
0.144451	1
0.142928	1
0.141421	1
0.139931	1
0.138456	1
0.136996	1
0.135552	1
0.134123	1
0.13271	1
0.131311	1
0.129927	1
0.128557	1
0.127202	1
0.125861	1
0.124535	1
0.123222	1
0.121923	1
0.120638	1
0.119366	1
0.118108	1
0.116863	1
0.115631	1
0.114413	1
0.113207	1
0.112013	1
0.110833	1
0.109664	1
0.108508	1
0.107365	1
0.106233	1
0.105113	1
0.104005	1
0.102909	1
0.101824	1
0.100751	1
0.0996889	1
0.0986382	1
0.0975984	1
0.0965697	1
0.0955518	1
0.0945446	1
0.093548	1
0.092562	1
0.0915863	1
0.0906209	1
0.0896657	1
0.0887206	1
0.0877854	1
0.0868601	1
0.0859445	1
0.0850386	1
0.0841422	1
0.0832553	1
0.0823778	1
0.0815094	1
0.0806503	1
0.0798002	1
0.078959	1
0.0781267	1
0.0773032	1
0.0764884	1
0.0756821	1
0.0748844	1
0.0740951	1
0.0733141	1
0.0725413	1
0.0717766	1
0.0710201	1
0.0702715	1
0.0695308	1
0.0687979	1
0.0680727	1
0.0673551	1
0.0666452	1
0.0659427	1
0.0652476	1
0.0645599	1
0.0638794	1
0.063206	1
0.0625398	1
0.0618806	1
0.0612283	1
0.0605829	1
0.0599443	1
0.0593125	1
0.0586873	1
0.0580687	1
0.0574566	1
0.056851	1
0.0562517	1
0.0556588	1
0.0550721	1
0.0544916	1
0.0539172	1
0.0533489	1
0.0527866	1
0.0522302	1
0.0516796	1
0.0511349	1
0.0505959	1
0.0500626	1
0.0495349	1
0.0490127	1
0.0484961	1
0.0479849	1
0.0474791	1
0.0469787	1
0.0464835	1
0.0459935	1
0.0455087	1
0.045029	1
0.0445544	1
0.0440848	1
0.0436201	1
0.0431603	1
0.0427053	1
0.0422552	1
0.0418098	1
0.0413691	1
0.040933	1
0.0405016	1
0.0400747	1
0.0396522	1
0.0392343	1
0.0388207	1
0.0384115	1
0.0380066	1
0.037606	1
0.0372096	1
0.0368174	1
0.0364293	1
0.0360454	1
0.0356654	1
0.0352895	1
0.0349175	1
0.0345494	1
0.0341853	1
0.0338249	1
0.0334684	1
0.0331156	1
0.0327666	1
0.0324212	1
0.0320794	1
0.0317413	1
0.0314067	1
0.0310757	1
0.0307481	1
0.030424	1
0.0301033	1
0.029786	1
0.029472	1
0.0291614	1
0.028854	1
0.0285499	1
0.0282489	1
0.0279512	1
0.0276565	1
0.027365	1
0.0270766	1
0.0267912	1
0.0265088	1
0.0262293	1
0.0259529	1
0.0256793	1
0.0254086	1
0.0251408	1
0.0248758	1
0.0246136	1
0.0243542	1
0.0240974	1
0.0238434	1
0.0235921	1
0.0233434	1
0.0230974	1
0.0228539	1
0.022613	1
0.0223747	1
0.0221388	1
0.0219055	1
0.0216746	1
0.0214461	1
0.02122	1
0.0209964	1
0.0207751	1
0.0205561	1
0.0203394	1
0.020125	1
0.0199129	1
0.019703	1
0.0194953	1
0.0192898	1
0.0190865	1
0.0188853	1
0.0186862	1
0.0184893	1
0.0182944	1
0.0181015	1
0.0179107	1
0.0177219	1
0.0175351	1
0.0173503	1
0.0171674	1
0.0169865	1
0.0168074	1
0.0166303	1
0.016455	1
0.0162815	1
0.0161099	1
0.0159401	1
0.0157721	1
0.0156058	1
0.0154413	1
0.0152786	1
0.0151175	1
0.0149582	1
0.0148005	1
0.0146445	1
0.0144901	1
0.0143374	1
0.0141863	1
0.0140367	1
0.0138888	1
0.0137424	1
0.0135975	1
0.0134542	1
0.0133124	1
0.0131721	1
0.0130332	1
0.0128958	1
0.0127599	1
0.0126254	1
0.0124923	1
0.0123606	1
0.0122304	1
0.0121014	1
0.0119739	1
0.0118477	1
0.0117228	1
0.0115992	1
0.011477	1
0.011356	1
0.0112363	1
0.0111178	1
0.0110007	1
0.0108847	1
0.01077	1
0.0106564	1
0.0105441	1
0.010433	1
0.010323	1
0.0102142	1
0.0101065	1
0.01	1
0.01	0.000154513


