#Mass	Um	Ut	Events
0.21154	0.000190452
0.213794	2.80384e-06
0.216071	8.88649e-07
0.218373	4.4159e-07
0.2207	2.66252e-07
0.223051	1.7883e-07
0.225427	1.28495e-07
0.227828	9.67921e-08
0.230255	7.55819e-08
0.232708	6.06338e-08
0.235187	4.97482e-08
0.237693	4.14644e-08
0.240225	3.51083e-08
0.242784	3.00627e-08
0.24537	2.60332e-08
0.247984	2.27475e-08
0.250626	2.0011e-08
0.253296	1.77229e-08
0.255994	1.58027e-08
0.258721	1.41859e-08
0.261478	1.27919e-08
0.264263	1.15868e-08
0.267078	1.0519e-08
0.269923	9.61413e-09
0.272799	8.80692e-09
0.275705	8.08565e-09
0.278642	7.4569e-09
0.281611	6.90805e-09
0.284611	6.39959e-09
0.287642	5.95528e-09
0.290707	5.55429e-09
0.293804	5.19197e-09
0.296933	4.8642e-09
0.300097	4.56739e-09
0.303294	4.29834e-09
0.306525	4.05425e-09
0.30979	3.83262e-09
0.31309	3.63127e-09
0.316426	3.44824e-09
0.319796	3.28181e-09
0.323203	3.13044e-09
0.326646	2.99278e-09
0.330126	2.86761e-09
0.333643	2.76006e-09
0.337197	2.65654e-09
0.340789	2.56843e-09
0.34442	2.48883e-09
0.348089	2.42258e-09
0.351797	2.36871e-09
0.355545	2.32648e-09
0.359332	2.2953e-09
0.36316	2.27987e-09
0.367029	2.29015e-09
0.370939	2.32125e-09
0.374891	2.40088e-09
0.378884	2.55691e-09
0.382921	2.90656e-09
0.387	4.36653e-09
0.391122	2.37471e-05
0.395289	2.24237e-05
0.3995	2.12099e-05
0.403756	2.00956e-05
0.408057	1.90077e-05
0.412404	1.80091e-05
0.416798	1.7063e-05
0.421238	1.61666e-05
0.425725	1.53172e-05
0.43026	1.4537e-05
0.434844	1.37966e-05
0.439476	1.30938e-05
0.444158	1.24268e-05
0.44889	1.17938e-05
0.453672	1.1212e-05
0.458505	1.06588e-05
0.463389	1.0133e-05
0.468325	9.63307e-06
0.473315	9.15782e-06
0.478357	8.72071e-06
0.483453	8.29047e-06
0.488603	7.89476e-06
0.493808	7.51794e-06
0.499068	7.1591e-06
0.504385	6.81739e-06
0.509758	6.50295e-06
0.515189	6.19256e-06
0.520677	5.90694e-06
0.526224	5.63449e-06
0.53183	5.37461e-06
0.537495	5.12671e-06
0.543221	4.89025e-06
0.549008	4.66469e-06
0.554857	4.44954e-06
0.560767	4.25148e-06
0.566741	4.06223e-06
0.572779	3.87487e-06
0.578881	3.70238e-06
0.585047	3.53758e-06
0.59128	3.38011e-06
0.597579	3.22965e-06
0.603945	3.09109e-06
0.610379	2.9535e-06
0.616881	2.82679e-06
0.623453	2.70096e-06
0.630094	2.58509e-06
0.636807	2.47419e-06
0.64359	2.36804e-06
0.650447	2.26645e-06
0.657376	2.16922e-06
0.664379	2.07616e-06
0.671456	1.99045e-06
0.678609	1.90505e-06
0.685839	1.8264e-06
0.693145	1.74805e-06
0.700529	1.67588e-06
0.707992	1.60669e-06
0.715534	1.54036e-06
0.723156	1.47677e-06
0.73086	1.4158e-06
0.738646	1.35735e-06
0.746515	1.3035e-06
0.754467	1.24969e-06
0.762505	1.20012e-06
0.770628	1.15057e-06
0.778837	1.10493e-06
0.787134	1.0611e-06
0.795519	1.01901e-06
0.803994	9.7859e-07
0.812559	9.39772e-07
0.821215	9.02494e-07
0.829964	8.68158e-07
0.838805	8.33721e-07
0.847741	8.02001e-07
0.856772	7.70188e-07
0.865899	7.40885e-07
0.875123	7.12698e-07
0.884446	6.85582e-07
0.893868	6.60612e-07
0.90339	6.35478e-07
0.913014	6.12332e-07
0.922741	5.89036e-07
0.932571	5.67582e-07
0.942505	5.46909e-07
0.952546	5.26989e-07
0.962693	5.07795e-07
0.972949	4.893e-07
0.983313	4.72274e-07
0.993789	4.55073e-07
1.00438	4.39238e-07
1.01508	4.23955e-07
1.02589	4.09203e-07
1.03682	3.94964e-07
1.04786	3.81864e-07
1.05903	3.69199e-07
1.07031	3.56353e-07
1.08171	3.44533e-07
1.09323	3.33669e-07
1.10488	3.22602e-07
1.11665	3.12429e-07
1.12854	3.02576e-07
1.14057	2.93035e-07
1.15272	2.83794e-07
1.165	2.74844e-07
1.17741	2.66627e-07
1.18995	2.58654e-07
1.20263	2.51344e-07
1.21544	2.43829e-07
1.22839	2.36971e-07
1.24147	2.30403e-07
1.2547	2.24332e-07
1.26806	2.18421e-07
1.28157	2.12666e-07
1.29523	2.07354e-07
1.30902	2.02174e-07
1.32297	1.97401e-07
1.33706	1.92741e-07
1.35131	1.88455e-07
1.3657	1.84265e-07
1.38025	1.80675e-07
1.39495	1.77154e-07
1.40981	1.73703e-07
1.42483	1.70798e-07
1.44001	1.67942e-07
1.45535	1.65365e-07
1.47086	1.63287e-07
1.48653	1.61235e-07
1.50236	1.59656e-07
1.51837	1.58093e-07
1.53454	1.57207e-07
1.55089	1.56546e-07
1.56741	1.56106e-07
1.58411	1.56326e-07
1.60098	1.56986e-07
1.61804	1.58093e-07
1.63528	1.59881e-07
1.6527	1.62372e-07
1.6703	1.65831e-07
1.6881	1.70558e-07
1.70608	1.76657e-07
1.72425	1.84524e-07
1.74262	1.95194e-07
1.76119	2.09698e-07
1.77995	2.30403e-07
1.79891	2.61101e-07
1.81807	3.13e-07
1.83744	4.2461e-07
1.83744	4.18273e-06
1.81807	5.26989e-06
1.79891	6.17518e-06
1.77995	7.01962e-06
1.76119	7.85933e-06
1.74262	8.71091e-06
1.72425	9.57368e-06
1.70608	1.04688e-05
1.6881	1.14091e-05
1.6703	1.23919e-05
1.6527	1.34368e-05
1.63528	1.45452e-05
1.61804	1.5692e-05
1.60098	1.69292e-05
1.58411	1.82333e-05
1.56741	1.96046e-05
1.55089	2.10791e-05
1.53454	2.26263e-05
1.51837	2.42871e-05
1.50236	2.60698e-05
1.48653	2.79362e-05
1.47086	2.99362e-05
1.45535	3.20794e-05
1.44001	3.4376e-05
1.42483	3.6837e-05
1.40981	3.94077e-05
1.39495	4.2229e-05
1.38025	4.51759e-05
1.3657	4.83286e-05
1.35131	5.17885e-05
1.33706	5.54026e-05
1.32297	5.92689e-05
1.30902	6.34051e-05
1.29523	6.79443e-05
1.28157	7.26859e-05
1.26806	7.78896e-05
1.2547	8.33252e-05
1.24147	8.91401e-05
1.22839	9.55218e-05
1.21544	0.000102389
1.20263	0.000109534
1.18995	0.000117442
1.17741	0.000125921
1.165	0.000134708
1.15272	0.000144434
1.14057	0.000154861
1.12854	0.000166041
1.11665	0.000178028
1.10488	0.000190881
1.09323	0.000204661
1.08171	0.000219436
1.07031	0.00023475
1.05903	0.000251698
1.04786	0.000269869
1.03682	0.000288702
1.02589	0.000308849
1.01508	0.000330402
1.00438	0.00035346
0.993789	0.000378977
0.983313	0.000405425
0.972949	0.000433718
0.962693	0.000463985
0.952546	0.000496365
0.942505	0.000532199
0.932571	0.000570621
0.922741	0.000611816
0.913014	0.000655986
0.90339	0.000703344
0.893868	0.000757521
0.884446	0.000817707
0.875123	0.000882675
0.865899	0.000937925
0.856772	0.000994394
0.847741	0.00105664
0.838805	0.00112025
0.829964	0.00119037
0.821215	0.00126204
0.812559	0.00133803
0.803994	0.00141859
0.795519	0.00150062
0.787134	0.00159096
0.778837	0.00168296
0.770628	0.00178028
0.762505	0.001879
0.754467	0.00198765
0.746515	0.00210259
0.738646	0.00222417
0.73086	0.0023475
0.723156	0.00248324
0.715534	0.00262684
0.707992	0.0027725
0.700529	0.00293282
0.693145	0.00309544
0.685839	0.00326708
0.678609	0.003456
0.671456	0.00364764
0.664379	0.0038499
0.657376	0.00407252
0.650447	0.00429834
0.64359	0.00453668
0.636807	0.00478824
0.630094	0.00505374
0.623453	0.00533397
0.616881	0.00562974
0.610379	0.00594191
0.603945	0.00627138
0.597579	0.00661913
0.59128	0.00698616
0.585047	0.00737354
0.578881	0.00776492
0.572779	0.00819548
0.566741	0.00864991
0.560767	0.00910904
0.554857	0.00961413
0.549008	0.0101244
0.543221	0.0106858
0.537495	0.011253
0.53183	0.011877
0.526224	0.0125356
0.520677	0.013201
0.515189	0.0139329
0.509758	0.0146725
0.504385	0.0154861
0.499068	0.0163448
0.493808	0.0172123
0.488603	0.0181668
0.483453	0.0191741
0.478357	0.0201918
0.473315	0.0213115
0.468325	0.0224932
0.463389	0.0237404
0.458505	0.0250568
0.453672	0.0264462
0.44889	0.0279126
0.444158	0.0294604
0.439476	0.0310939
0.434844	0.0328181
0.43026	0.0346378
0.425725	0.0365585
0.421238	0.0386725
0.416798	0.0408169
0.412404	0.0431771
0.408057	0.0455713
0.403756	0.0482065
0.3995	0.0508795
0.395289	0.0538217
0.391122	0.0569339
0.387	0.140588
0.382921	0.153474
0.378884	0.164554
0.374891	0.175642
0.370939	0.187056
0.367029	0.198765
0.36316	0.211682
0.359332	0.224932
0.355545	0.239549
0.351797	0.254543
0.348089	0.271085
0.34442	0.288053
0.340789	0.306772
0.337197	0.325974
0.333643	0.347158
0.330126	0.369718
0.326646	0.393745
0.323203	0.420277
0.319796	0.447588
0.316426	0.477748
0.31309	0.509941
0.30979	0.544302
0.306525	0.582286
0.303294	0.622922
0.300097	0.666393
0.296933	0.712898
0.293804	0.764365
0.290707	0.819548
0.287642	0.878714
0.284611	0.944273
0.281611	1
0.278642	1
0.275705	1
0.272799	1
0.269923	1
0.267078	1
0.264263	1
0.261478	1
0.258721	1
0.255994	1
0.253296	1
0.250626	1
0.247984	1
0.24537	1
0.242784	1
0.240225	1
0.237693	1
0.235187	1
0.232708	1
0.230255	1
0.227828	1
0.225427	1
0.223051	1
0.2207	1
0.218373	1
0.216071	1
0.213794	1
0.21154	1
0.21154	0.000190452


